% Coordinates
0                         0
0                         4.9999999999999996E-5
0.00225                   0
0.00225                   4.9999999999999996E-5
0.0045                    0
0.0045                    4.9999999999999996E-5
0.00675                   0
0.00675                   4.9999999999999996E-5
0.009                     0
0.009                     4.9999999999999996E-5
0.01125                   0
0.01125                   4.9999999999999996E-5
0.0135                    0
0.0135                    4.9999999999999996E-5
0.01575                   0
0.01575                   4.9999999999999996E-5
0.018                     0
0.018                     4.9999999999999996E-5
0.020249999999999997      0
0.020249999999999997      4.9999999999999996E-5
0.0225                    0
0.0225                    4.9999999999999996E-5
0.024749999999999998      0
0.024749999999999998      4.9999999999999996E-5
0.027                     0
0.027                     4.9999999999999996E-5
0.029249999999999998      0
0.029249999999999998      4.9999999999999996E-5
0.0315                    0
0.0315                    4.9999999999999996E-5
0.033749999999999995      0
0.033749999999999995      4.9999999999999996E-5
0.036                     0
0.036                     4.9999999999999996E-5
0.03825                   0
0.03825                   4.9999999999999996E-5
0.040499999999999994      0
0.040499999999999994      4.9999999999999996E-5
0.042749999999999996      0
0.042749999999999996      4.9999999999999996E-5
0.045                     0
0.045                     4.9999999999999996E-5
% Elements (points)
1
2
3
4
5
6
7
8
9
10
11
12
13
14
15
16
17
18
19
20
21
22
23
24
25
26
27
28
29
30
31
32
33
34
35
36
37
38
39
40
41
42
% Data (x (m) @ mass_load=0)
0
0
0.002249905213344266
0.0022500848563529355
0.004499792462447607
0.00450013386930035
0.006749641750350121
0.006750127888998181
0.008999439802961515
0.009000054587796489
0.011249178883681377
0.011249907176176308
0.013498855695424626
0.013499683304501443
0.015748470411561553
0.01574938409379852
0.017998025827722478
0.017999013287459106
0.0202475266264244
0.020248576515806627
0.022496978746466813
0.022498080665461623
0.024746388849041602
0.024747533345437833
0.026995763872504065
0.026996942441904946
0.02924511066775575
0.02924631575355889
0.03149443570619222
0.03149566069954554
0.033743744852166566
0.033744984091884964
0.03599304319191652
0.03599429196434122
0.03824233491089156
0.03824358944967862
0.04049162321140403
0.04049288069723422
0.042740910262514656
0.042742168822726495
0.044990197174051574
0.04499145588220729
% Data (y (m) @ mass_load=0)
0
4.9999999999999996E-5
-4.109022285360726E-6
4.5890655010378066E-5
-1.589792138945255E-5
3.410091347579933E-5
-3.457924471761359E-5
1.5418392363290696E-5
-5.94079096303141E-5
-9.411688950242703E-6
-8.968142653121525E-5
-3.9686730500227283E-5
-1.2473992200957295E-4
-7.474677144690675E-5
-1.6396615291944548E-4
-1.1397450137872072E-4
-2.0678551451893578E-4
-1.5679526585441663E-4
-2.526660449231268E-4
-2.0267706843788772E-4
-3.0111842748327264E-4
-2.5113057083840933E-4
-3.516959921235792E-4
-3.0170909218758715E-4
-4.0399471613035854E-4
-3.540086079477097E-4
-4.5765322441763766E-4
-4.076677484754897E-4
-5.123527888984603E-4
-4.6236779687038553E-4
-5.678173263547767E-4
-5.178326855004488E-4
-6.238133940445651E-4
-5.738289904444269E-4
-6.801501823110456E-4
-6.301659231152303E-4
-7.366795037150001E-4
-6.866953185860368E-4
-7.932957785331906E-4
-7.433116204625275E-4
-8.499360169552952E-4
-7.999518626317043E-4
% Data (u (m) @ mass_load=0)
0
0
-9.478665573414343E-8
8.485635293545975E-8
-2.0753755239270505E-7
1.338693003507546E-7
-3.5824964987886065E-7
1.278889981815215E-7
-5.601970384843087E-7
5.4587796489366516E-8
-8.211163186221722E-7
-9.28238236910075E-8
-1.1443045753726305E-6
-3.166954985560789E-7
-1.5295884384479503E-6
-6.159062014811758E-7
-1.974172277519138E-6
-9.86712540893976E-7
-2.4733735755970577E-6
-1.4234841933707744E-6
-3.0212535331846677E-6
-1.919334538374101E-6
-3.611150958395851E-6
-2.466654562163124E-6
-4.23612749593445E-6
-3.0575580950532545E-6
-4.889332244245629E-6
-3.684246441108669E-6
-5.564293807784473E-6
-4.339300454460713E-6
-6.255147833432415E-6
-5.015908115032281E-6
-6.956808083479247E-6
-5.708035658775568E-6
-7.66508910844229E-6
-6.410550321374661E-6
-8.37678859596707E-6
-7.119302765780841E-6
-9.089737485341852E-6
-7.831177273498047E-6
-9.80282594842165E-6
-8.544117792704577E-6
% Data (v (m) @ mass_load=0)
0
0
-4.109022285360726E-6
-4.1093449896219325E-6
-1.589792138945255E-5
-1.5899086524200664E-5
-3.457924471761359E-5
-3.45816076367093E-5
-5.94079096303141E-5
-5.94116889502427E-5
-8.968142653121525E-5
-8.968673050022728E-5
-1.2473992200957295E-4
-1.2474677144690675E-4
-1.6396615291944548E-4
-1.639745013787207E-4
-2.0678551451893578E-4
-2.0679526585441662E-4
-2.526660449231268E-4
-2.526770684378877E-4
-3.0111842748327264E-4
-3.0113057083840935E-4
-3.516959921235792E-4
-3.517090921875871E-4
-4.0399471613035854E-4
-4.040086079477097E-4
-4.5765322441763766E-4
-4.5766774847548974E-4
-5.123527888984603E-4
-5.123677968703856E-4
-5.678173263547767E-4
-5.678326855004488E-4
-6.238133940445651E-4
-6.238289904444269E-4
-6.801501823110456E-4
-6.801659231152304E-4
-7.366795037150001E-4
-7.366953185860368E-4
-7.932957785331906E-4
-7.933116204625275E-4
-8.499360169552952E-4
-8.499518626317043E-4
% Data (x (m) @ mass_load=0.001)
0
0
0.0022498957848759975
0.0022500923372868204
0.004499768752436637
0.004500142915734057
0.006749594720308552
0.006750128392883542
0.00899935738515373
0.009000033416958092
0.011249046988239154
0.011249849185476153
0.01349865907122445
0.013499572201240248
0.01574819336873409
0.015749203164957298
0.01799765283034286
0.017998745997125528
0.02024704276465327
0.020248206981888565
0.022496370098100228
0.022497594025477102
0.02474564274105062
0.024746916021763855
0.026994869053677987
0.026996182317363945
0.02924405740396671
0.029245402268604587
0.0314932158100209
0.031494584882540026
0.03374235165861622
0.03374373853398744
0.035991471491656254
0.03599287075031677
0.038240580851902975
0.03824198805546583
0.040489684179082296
0.04049109586440089
0.042738784747259395
0.04274019841904253
0.04498788463425374
0.044989298756553255
% Data (y (m) @ mass_load=0.001)
0
4.9999999999999996E-5
-4.493286546233787E-6
4.550632713692018E-5
-1.7403601478303625E-5
3.259499901037727E-5
-3.789534019113503E-5
1.2101812126727445E-5
-6.517540315938111E-5
-1.5179973121472791E-5
-9.849360142916203E-5
-4.8500036636512454E-5
-1.3714287385779424E-4
-8.715121223199936E-5
-1.8045951041873584E-4
-1.3046970798252374E-4
-2.2782337414519184E-4
-1.778353253741161E-4
-2.786581157367058E-4
-2.286716712806975E-4
-3.3243137501038814E-4
-2.824463569498653E-4
-3.8865496203243423E-4
-3.386711768355521E-4
-4.4688500865034655E-4
-3.969022580001861E-4
-5.067220793045336E-4
-4.5674016896808786E-4
-5.678112292894683E-4
-5.178299762045397E-4
-6.298419994956607E-4
-5.798612372571773E-4
-6.925483391230312E-4
-6.425679220563535E-4
-7.557084517797523E-4
-7.057282577946556E-4
-8.191445654096686E-4
-7.691644978339611E-4
-8.827226320219947E-4
-8.327426206178005E-4
-9.463519688490091E-4
-8.963719702299762E-4
% Data (u (m) @ mass_load=0.001)
0
0
-1.0421512400217727E-7
9.233728682053145E-8
-2.312475633632104E-7
1.4291573405741877E-7
-4.0527969144789263E-7
1.2839288354187348E-7
-6.42614846269994E-7
3.3416958092385547E-8
-9.530117608457945E-7
-1.508145238461649E-7
-1.3409287755508639E-6
-4.277987597514221E-7
-1.806631265911832E-6
-7.968350427028343E-7
-2.347169657140373E-6
-1.2540028744700425E-6
-2.957235346727697E-6
-1.7930181114324014E-6
-3.629901899772958E-6
-2.405974522898422E-6
-4.357258949378362E-6
-3.0839782361406327E-6
-5.130946322011864E-6
-3.817682636056559E-6
-5.942596033287738E-6
-4.597731395412923E-6
-6.784189979094879E-6
-5.415117459971331E-6
-7.64834138377731E-6
-6.261466012557877E-6
-8.528508343744896E-6
-7.129249683225578E-6
-9.419148097023091E-6
-8.011944534170002E-6
-1.0315820917695328E-5
-8.904135599106194E-6
-1.1215252740603013E-5
-9.801580957462963E-6
-1.2115365746259947E-5
-1.0701243446743555E-5
% Data (v (m) @ mass_load=0.001)
0
0
-4.493286546233787E-6
-4.493672863079812E-6
-1.7403601478303625E-5
-1.7405000989622725E-5
-3.789534019113503E-5
-3.789818787327255E-5
-6.517540315938111E-5
-6.517997312147279E-5
-9.849360142916203E-5
-9.850003663651245E-5
-1.3714287385779424E-4
-1.3715121223199935E-4
-1.8045951041873584E-4
-1.8046970798252373E-4
-2.2782337414519184E-4
-2.278353253741161E-4
-2.786581157367058E-4
-2.786716712806975E-4
-3.3243137501038814E-4
-3.324463569498653E-4
-3.8865496203243423E-4
-3.886711768355521E-4
-4.4688500865034655E-4
-4.469022580001861E-4
-5.067220793045336E-4
-5.067401689680879E-4
-5.678112292894683E-4
-5.678299762045397E-4
-6.298419994956607E-4
-6.298612372571773E-4
-6.925483391230312E-4
-6.925679220563535E-4
-7.557084517797523E-4
-7.557282577946556E-4
-8.191445654096686E-4
-8.191644978339612E-4
-8.827226320219947E-4
-8.827426206178005E-4
-9.463519688490091E-4
-9.463719702299762E-4
% Data (x (m) @ mass_load=0.005)
0
0
0.002249845709652911
0.0022501296051298312
0.004499634866590165
0.004500179471960129
0.006749314213950547
0.006750097132310034
0.008998845057083676
0.008999844837569396
0.011248201230073904
0.011249397370184913
0.013497367166997126
0.013498740114082813
0.015746336147724825
0.015747867299862415
0.017995108710428018
0.017996780416838543
0.02024369122284499
0.020245486783969945
0.022492094604293984
0.022493998271629803
0.02474033319036339
0.024742330166128666
0.026988423732190448
0.02699050016887969
0.02923638452223245
0.029238527522092543
0.03148423463843552
0.03148643225288746
0.03373199329870652
0.03373423452772504
0.03597967931759099
0.03598195410904942
0.038227310657053426
0.038229609906038305
0.04047490406324244
0.04047721961134496
0.042722474781104754
0.0427247994157028
0.04497003633861515
0.04497236379224064
% Data (y (m) @ mass_load=0.005)
0
4.9999999999999996E-5
-6.473428657760711E-6
4.352576539231754E-5
-2.519944857617287E-5
2.4797586001629484E-5
-5.514943647922452E-5
-5.155565872466243E-6
-9.533695721458484E-5
-4.5346953248280315E-5
-1.4481818138054132E-4
-9.483249037888183E-5
-2.0269197150632882E-4
-1.5271082434847584E-4
-2.6809993656326276E-4
-2.181233857899691E-4
-3.402264623698682E-4
-2.9025441567194575E-4
-4.1829872398701053E-4
-3.6833097425336434E-4
-5.015866850273931E-4
-4.5162293713172535E-4
-5.894030877467558E-4
-5.39442982252783E-4
-6.811034367982754E-4
-6.31146570763547E-4
-7.76085978668154E-4
-7.261319237265549E-4
-8.737916780913521E-4
-8.238399959942996E-4
-9.737041922290756E-4
-9.237544480253779E-4
-0.0010753498430407643
-0.0010254016160751863
-0.0011782975881033688
-0.0011283504810141024
-0.001282158990124962
-0.001232212636020548
-0.001386588185579177
-0.0013366422535774677
-0.00149128185395178
-0.001441336053403061
% Data (u (m) @ mass_load=0.005)
0
0
-1.5429034708867392E-7
1.2960512983129269E-7
-3.651334098345256E-7
1.7947196012970784E-7
-6.857860494533096E-7
9.713231003380805E-8
-1.1549429163228332E-6
-1.5516243060422917E-7
-1.7987699260964116E-6
-6.026298150852869E-7
-2.632833002874378E-6
-1.2598859171866023E-6
-3.663852275174918E-6
-2.1327001375863525E-6
-4.891289571981361E-6
-3.219583161455021E-6
-6.308777155005994E-6
-4.513216030052387E-6
-7.905395706015831E-6
-6.0017283701974254E-6
-9.6668096366065E-6
-7.669833871332241E-6
-1.1576267809551252E-5
-9.499831120309698E-6
-1.361547776755071E-5
-1.1472477907456342E-5
-1.576536156447859E-5
-1.3567747112540315E-5
-1.8006701293476612E-5
-1.576547227495857E-5
-2.0320682409005384E-5
-1.8045890950577293E-5
-2.2689342946570267E-5
-2.0390093961697763E-5
-2.5095936757559227E-5
-2.2780388655033485E-5
-2.7525218895245457E-5
-2.520058429719845E-5
-2.9963661384850415E-5
-2.763620775935293E-5
% Data (v (m) @ mass_load=0.005)
0
0
-6.473428657760711E-6
-6.474234607682453E-6
-2.519944857617287E-5
-2.520241399837051E-5
-5.514943647922452E-5
-5.515556587246624E-5
-9.533695721458484E-5
-9.534695324828031E-5
-1.4481818138054132E-4
-1.4483249037888183E-4
-2.0269197150632882E-4
-2.0271082434847584E-4
-2.6809993656326276E-4
-2.681233857899691E-4
-3.402264623698682E-4
-3.4025441567194577E-4
-4.1829872398701053E-4
-4.1833097425336436E-4
-5.015866850273931E-4
-5.016229371317254E-4
-5.894030877467558E-4
-5.89442982252783E-4
-6.811034367982754E-4
-6.81146570763547E-4
-7.76085978668154E-4
-7.761319237265549E-4
-8.737916780913521E-4
-8.738399959942996E-4
-9.737041922290756E-4
-9.737544480253779E-4
-0.0010753498430407643
-0.0010754016160751862
-0.0011782975881033688
-0.0011783504810141023
-0.001282158990124962
-0.0012822126360205479
-0.001386588185579177
-0.0013866422535774676
-0.00149128185395178
-0.0014913360534030608
% Data (x (m) @ mass_load=0.01)
0
0
0.002249783007122263
0.0022501709875008286
0.004499452163344249
0.004500199625796895
0.006748904902321945
0.0067499840751846585
0.008998063832624251
0.008999447888496317
0.011246873700156495
0.011248536761713482
0.013495298471850119
0.013497215615830413
0.015743318639368946
0.015745465899117062
0.017990928735641294
0.01799328310249852
0.02023813505667655
0.020240674480468283
0.02248495358083553
0.022487656969666148
0.02473140807752703
0.02473425529705751
0.026977528397179054
0.02698050026952934
0.029223348934263666
0.029226427236652416
0.03146890725511834
0.03147207471832804
0.03371424288229341
0.03371748318902899
0.03595939622714446
0.035962694010340135
0.038204407662387856
0.038207748503505216
0.04044931672633001
0.040452687153686176
0.04269416145046998
0.042697548937634854
0.04493897780196951
0.044942370766422095
% Data (y (m) @ mass_load=0.01)
0
4.9999999999999996E-5
-8.83397134349546E-6
4.116452338284679E-5
-3.448538946367704E-5
1.5509023992560566E-5
-7.568411874475527E-5
-2.5695765496304396E-5
-1.3120191714444509E-4
-8.122107619599404E-5
-1.9985313976598795E-4
-1.4988080444697932E-4
-2.804949596642866E-4
-2.3053172689533103E-4
-3.7202751600685403E-4
-3.220736438397046E-4
-4.7339400390232603E-4
-4.234494644099181E-4
-5.835807180340317E-4
-5.33645245722218E-4
-7.016170604391936E-4
-6.516901963570888E-4
-8.265755211069799E-4
-7.766566528363079E-4
-9.575716385256027E-4
-9.076600362314714E-4
-0.0010937639458819728
-0.0010438587946085699
-0.0012343539074223735
-0.0011844543358175232
-0.0013785858484479934
-0.0013286909541006598
-0.0015257468817131915
-0.0014758557532881414
-0.0016751668323945674
-0.001625278568748351
-0.0018262181634577982
-0.001776331889920423
-0.0019783159031144587
-0.0019284307851244215
-0.0021309175776489594
-0.0020810328322131374
% Data (u (m) @ mass_load=0.01)
0
0
-2.1699287773683965E-7
1.709875008288742E-7
-5.478366557507339E-7
1.996257968955812E-7
-1.0950976780553538E-6
-1.5924815341461516E-8
-1.936167375747538E-6
-5.521115036825306E-7
-3.1262998435051086E-6
-1.4632382865166848E-6
-4.701528149881053E-6
-2.7843841695866275E-6
-6.6813606310556485E-6
-4.5341008829369175E-6
-9.071264358704378E-6
-6.716897501481276E-6
-1.1864943323446332E-5
-9.325519531715201E-6
-1.5046419164469084E-5
-1.2343030333852972E-5
-1.8591922472967864E-5
-1.5744702942486524E-5
-2.2471602820946673E-5
-1.9499730470659235E-5
-2.6651065736332637E-5
-2.357276334758163E-5
-3.109274488166308E-5
-2.7925281671959494E-5
-3.575711770658462E-5
-3.251681097100269E-5
-4.06037728555382E-5
-3.7305989659861876E-5
-4.5592337612142635E-5
-4.225149649478077E-5
-5.0683273669982396E-5
-4.7312846313821226E-5
-5.5838549530011844E-5
-5.24510623651399E-5
-6.1022198030490646E-5
-5.76292335779004E-5
% Data (v (m) @ mass_load=0.01)
0
0
-8.83397134349546E-6
-8.835476617153211E-6
-3.448538946367704E-5
-3.449097600743943E-5
-7.568411874475527E-5
-7.569576549630439E-5
-1.3120191714444509E-4
-1.3122107619599404E-4
-1.9985313976598795E-4
-1.9988080444697932E-4
-2.804949596642866E-4
-2.80531726895331E-4
-3.7202751600685403E-4
-3.7207364383970464E-4
-4.7339400390232603E-4
-4.734494644099181E-4
-5.835807180340317E-4
-5.83645245722218E-4
-7.016170604391936E-4
-7.016901963570888E-4
-8.265755211069799E-4
-8.26656652836308E-4
-9.575716385256027E-4
-9.576600362314714E-4
-0.0010937639458819728
-0.0010938587946085698
-0.0012343539074223735
-0.0012344543358175232
-0.0013785858484479934
-0.0013786909541006597
-0.0015257468817131915
-0.0015258557532881413
-0.0016751668323945674
-0.0016752785687483508
-0.0018262181634577982
-0.001826331889920423
-0.0019783159031144587
-0.0019784307851244214
-0.0021309175776489594
-0.0021310328322131375
% Data (x (m) @ mass_load=0.02)
0
0
0.0022496507441810334
0.0022502424537250497
0.004499021389790945
0.004500165656753143
0.006747866678386786
0.0067495249413375225
0.008995995640121535
0.00899813027642465
0.011243266075353999
0.011245840425132854
0.013489579179444485
0.01349255756459546
0.015734874470919945
0.01573822220981223
0.01797912502151551
0.01798280843992841
0.020222332985335215
0.020226319424119833
0.022464525423281215
0.02246878324314735
0.024705750418066812
0.02471024900180027
0.026946073474483852
0.026950783226811367
0.029185574199025836
0.029190466544278128
0.03142434325235702
0.03142939063004495
0.03366247956737634
0.03366765542579374
0.03590008782472283
0.03590536661271848
0.03813727617652929
0.03814263333364434
0.04037415420811163
0.040379566153349845
0.04261083112618746
0.04261627524576503
0.0448474141607508
0.0448528687955137
% Data (y (m) @ mass_load=0.02)
0
4.9999999999999996E-5
-1.3454946102688187E-5
3.654155264545412E-5
-5.265607888838038E-5
-2.669172993359903E-6
-1.1584878187629162E-4
-6.58762867626706E-5
-2.0131938647335418E-4
-1.5136497297499934E-4
-3.0739696780002294E-4
-2.574632835808776E-4
-4.324543121436911E-4
-3.8254309782374644E-4
-5.749086767205647E-4
-5.250208752660138E-4
-7.332223678915289E-4
-6.833582273168224E-4
-9.059031612710951E-4
-8.560623307281787E-4
-0.001091504583755264
-0.0010416862031067552
-0.0012886260733499628
-0.0012388288563390918
-0.0014959130284904767
-0.0014461353396334842
-0.0017120567550174023
-0.001662296680356491
-0.0019357943166481374
-0.0018860497285174947
-0.0021659082939509394
-0.002116176909926246
-0.002401226457471956
-0.0023515058936952288
-0.002640621362540041
-0.0025909091816356776
-0.002883009876129545
-0.0028333036299523946
-0.0031273526494910698
-0.003077649916976519
-0.0033726535566988383
-0.0033229519776715043
% Data (u (m) @ mass_load=0.02)
0
0
-3.49255818966608E-7
2.424537250496443E-7
-9.786102090549416E-7
1.6565675314300665E-7
-2.1333216132135848E-6
-4.7505866247763863E-7
-4.004359878463252E-6
-1.8697235753486423E-6
-6.733924646001309E-6
-4.159574867145724E-6
-1.0420820555514202E-5
-7.4424354045406546E-6
-1.5125529080055756E-5
-1.177779018777181E-5
-2.0874978484487124E-5
-1.7191560071591232E-5
-2.7667014664780137E-5
-2.3680575880166152E-5
-3.547457671878284E-5
-3.1216756852651976E-5
-4.424958193318697E-5
-3.975099819973013E-5
-5.392652551614666E-5
-4.921677318863325E-5
-6.442580097416169E-5
-5.9533455721869205E-5
-7.565674764298413E-5
-7.060936995504877E-5
-8.752043262365515E-5
-8.234457420625509E-5
-9.991217527716587E-5
-9.463338728151782E-5
-1.1272382347071284E-4
-1.0736666635566371E-4
-1.258457918883669E-4
-1.2043384665014713E-4
-1.3916887381254007E-4
-1.3372475423497097E-4
-1.5258583924919851E-4
-1.471312044863009E-4
% Data (v (m) @ mass_load=0.02)
0
0
-1.3454946102688187E-5
-1.3458447354545877E-5
-5.265607888838038E-5
-5.26691729933599E-5
-1.1584878187629162E-4
-1.1587628676267059E-4
-2.0131938647335418E-4
-2.0136497297499933E-4
-3.0739696780002294E-4
-3.0746328358087765E-4
-4.324543121436911E-4
-4.325430978237464E-4
-5.749086767205647E-4
-5.750208752660138E-4
-7.332223678915289E-4
-7.333582273168224E-4
-9.059031612710951E-4
-9.060623307281787E-4
-0.001091504583755264
-0.001091686203106755
-0.0012886260733499628
-0.0012888288563390918
-0.0014959130284904767
-0.001496135339633484
-0.0017120567550174023
-0.0017122966803564909
-0.0019357943166481374
-0.0019360497285174946
-0.0021659082939509394
-0.002166176909926246
-0.002401226457471956
-0.002401505893695229
-0.002640621362540041
-0.0026409091816356777
-0.002883009876129545
-0.0028833036299523948
-0.0031273526494910698
-0.003127649916976519
-0.0033726535566988383
-0.0033729519776715044
% Data (x (m) @ mass_load=0.06)
0
0
0.002249000353934638
0.0022504017222611536
0.0044963505329376095
0.004499070827401432
0.006740633307263609
0.0067445897078802115
0.008980710388110682
0.008985820786988414
0.011215700396424406
0.01122188367049931
0.01344495676807317
0.013452132993605826
0.015668046178351047
0.01567613679351542
0.017884727640259168
0.017893655561987066
0.020094932388580164
0.020104622089484128
0.022298744625753146
0.022309122176544405
0.024496383175742358
0.024507376258115318
0.026688184067838922
0.026699721962336095
0.02887458405288295
0.028886597605805715
0.031056105038906257
0.031068526611924108
0.033233339420869416
0.033246102826610696
0.035406936269269676
0.035419976695871096
0.03757758833431745
0.037590842261666965
0.03974601981574392
0.03975942492596775
0.041912974843103336
0.04192646992771521
0.04407920660463494
0.04409273147117531
% Data (y (m) @ mass_load=0.06)
0
4.9999999999999996E-5
-3.1817917653087765E-5
1.816244049590888E-5
-1.2483993441175486E-4
-7.491398689901004E-5
-2.753339260245251E-4
-2.2549070070569988E-4
-4.7959085910293447E-4
-4.298527045877461E-4
-7.339398613017268E-4
-6.843236614824552E-4
-0.0010347591668749153
-9.852768274214445E-4
-0.0013784845842093449
-0.0013291435055692914
-0.0017616157687676166
-0.001712419302736768
-0.0021807205710004255
-0.0021316684588025326
-0.002632437711938078
-0.0025835265024828796
-0.00311347801999815
-0.003064701467584882
-0.0036206244421860597
-0.0035719738834025013
-0.004150731022450512
-0.00410219573240214
-0.004700721020536723
-0.004652288548846747
-0.005267584327072944
-0.005219240814337236
-0.005848374315405188
-0.005800104790983708
-0.006440204258354403
-0.006391992920542441
-0.007040243428609376
-0.006992073908363218
-0.007645712994093073
-0.0075975686036036175
-0.008253881822988278
-0.008205745792252027
% Data (u (m) @ mass_load=0.06)
0
0
-9.996460653622322E-7
4.017222611539456E-7
-3.6494670623900812E-6
-9.291725985671588E-7
-9.366692736391218E-6
-5.410292119788131E-6
-1.9289611889318268E-5
-1.4179213011584995E-5
-3.429960357559396E-5
-2.811632950068824E-5
-5.5043231926829055E-5
-4.786700639417371E-5
-8.195382164895252E-5
-7.386320648457836E-5
-1.1527235974083175E-4
-1.0634443801293417E-4
-1.5506761141983484E-4
-1.4537791051586843E-4
-2.012553742468548E-4
-1.9087782345559543E-4
-2.5361682425763797E-4
-2.42623741884681E-4
-3.1181593216107767E-4
-3.0027803766390326E-4
-3.754159471170484E-4
-3.6340239419428304E-4
-4.4389496109374177E-4
-4.3147338807589193E-4
-5.166605791305787E-4
-5.038971733893026E-4
-5.930637307303186E-4
-5.800233041288985E-4
-6.72411665682546E-4
-6.591577383330346E-4
-7.539801842560799E-4
-7.405750740322449E-4
-8.370251568966616E-4
-8.235300722847853E-4
-9.207933953650553E-4
-9.072685288246885E-4
% Data (v (m) @ mass_load=0.06)
0
0
-3.1817917653087765E-5
-3.1837559504091116E-5
-1.2483993441175486E-4
-1.2491398689901004E-4
-2.753339260245251E-4
-2.754907007056999E-4
-4.7959085910293447E-4
-4.798527045877461E-4
-7.339398613017268E-4
-7.343236614824552E-4
-0.0010347591668749153
-0.0010352768274214444
-0.0013784845842093449
-0.0013791435055692913
-0.0017616157687676166
-0.0017624193027367678
-0.0021807205710004255
-0.0021816684588025327
-0.002632437711938078
-0.0026335265024828797
-0.00311347801999815
-0.003114701467584882
-0.0036206244421860597
-0.0036219738834025014
-0.004150731022450512
-0.00415219573240214
-0.004700721020536723
-0.0047022885488467465
-0.005267584327072944
-0.005269240814337235
-0.005848374315405188
-0.005850104790983707
-0.006440204258354403
-0.006441992920542441
-0.007040243428609376
-0.007042073908363217
-0.007645712994093073
-0.007647568603603617
-0.008253881822988278
-0.008255745792252026
% Data (x (m) @ mass_load=0.2)
0
0
0.0022459992573649395
0.0022497373055528056
0.004480112022473101
0.0044873402045826965
0.006692434674319613
0.006702893734173113
0.008875212240952939
0.008888640342444028
0.011022651794615928
0.011038789840541706
0.013130719112760626
0.013149314762314427
0.01519693155871824
0.01521774209691662
0.01722015601223208
0.017242950238308265
0.019200417980181045
0.019224977280493178
0.021138725763695645
0.02116484452420691
0.023036911751817567
0.023064397249325356
0.024897491523457597
0.024926163416161336
0.02672354042092249
0.02675322993959893
0.02851858655205928
0.028549135474471736
0.030286518723021665
0.030317778197153034
0.03203150754041242
0.03206333680721502
0.03375793779649807
0.03379020285031875
0.03547035021966018
0.03550292243432222
0.037173390698668284
0.037206145439244616
0.038871765130251985
0.03890458036389019
% Data (y (m) @ mass_load=0.2)
0
4.9999999999999996E-5
-8.490561492760076E-5
-3.504553823849169E-5
-3.324138438645894E-4
-2.8293906006926863E-4
-7.310682163401476E-4
-6.821743629192314E-4
-0.0012691445707904848
-0.0012209814424034597
-0.0019349252270687194
-0.0018876011914020264
-0.0027169084503017474
-0.002670495060553429
-0.0036039628053687756
-0.0035584993860241004
-0.0045854336725145725
-0.00454093171372382
-0.005651209421344896
-0.005607656672482222
-0.006791754460518015
-0.006749118658623174
-0.00799811578030038
-0.007956347984490693
-0.00926190882549325
-0.009220946354994389
-0.010575287680797784
-0.010535056673180387
-0.011930903695354636
-0.01189132131422647
-0.013321855870185728
-0.013282832199337166
-0.014741635614208073
-0.014703075279313658
-0.016184067858258776
-0.01614587141880307
-0.017643250006632284
-0.017605315160645046
-0.0191134897989721
-0.01907571244216972
-0.02058924286201727
-0.02055151804623297
% Data (u (m) @ mass_load=0.2)
0
0
-4.000742635060218E-6
-2.6269444719439387E-7
-1.9887977526898495E-5
-1.2659795417303133E-5
-5.75653256803872E-5
-4.71062658268876E-5
-1.2478775904705994E-4
-1.1135965755597166E-4
-2.2734820538407118E-4
-2.1121015945829453E-4
-3.6928088723937386E-4
-3.506852376855726E-4
-5.530684412817601E-4
-5.322579030833805E-4
-7.798439877679186E-4
-7.570497616917333E-4
-0.0010495820198189534
-0.0010250227195068183
-0.0013612742363043526
-0.0013351554757930902
-0.0017130882481824308
-0.0016856027506746407
-0.0021025084765424022
-0.0020738365838386653
-0.0025264595790775108
-0.002496770060401067
-0.0029814134479407227
-0.002950864525528264
-0.00346348127697833
-0.003432221802846963
-0.003968492459587582
-0.003936663192784977
-0.004492062203501927
-0.0044597971496812445
-0.005029649780339814
-0.004997077565677769
-0.005576609301331715
-0.00554385456075538
-0.006128234869748015
-0.006095419636109811
% Data (v (m) @ mass_load=0.2)
0
0
-8.490561492760076E-5
-8.504553823849168E-5
-3.324138438645894E-4
-3.3293906006926866E-4
-7.310682163401476E-4
-7.321743629192314E-4
-0.0012691445707904848
-0.0012709814424034596
-0.0019349252270687194
-0.0019376011914020263
-0.0027169084503017474
-0.0027204950605534293
-0.0036039628053687756
-0.0036084993860241005
-0.0045854336725145725
-0.00459093171372382
-0.005651209421344896
-0.0056576566724822214
-0.006791754460518015
-0.006799118658623174
-0.00799811578030038
-0.008006347984490693
-0.00926190882549325
-0.009270946354994388
-0.010575287680797784
-0.010585056673180387
-0.011930903695354636
-0.011941321314226469
-0.013321855870185728
-0.013332832199337166
-0.014741635614208073
-0.014753075279313658
-0.016184067858258776
-0.016195871418803073
-0.017643250006632284
-0.017655315160645047
-0.0191134897989721
-0.01912571244216972
-0.02058924286201727
-0.02060151804623297
