% Coordinates
0                         0
0                         4.9999999999999996E-5
9.0E-4                    0
9.0E-4                    4.9999999999999996E-5
0.0018                    0
0.0018                    4.9999999999999996E-5
0.0027                    0
0.0027                    4.9999999999999996E-5
0.0036                    0
0.0036                    4.9999999999999996E-5
0.0045                    0
0.0045                    4.9999999999999996E-5
0.0054                    0
0.0054                    4.9999999999999996E-5
0.0063                    0
0.0063                    4.9999999999999996E-5
0.0072                    0
0.0072                    4.9999999999999996E-5
0.0081                    0
0.0081                    4.9999999999999996E-5
0.009                     0
0.009                     4.9999999999999996E-5
0.009899999999999999      0
0.009899999999999999      4.9999999999999996E-5
0.0108                    0
0.0108                    4.9999999999999996E-5
0.0117                    0
0.0117                    4.9999999999999996E-5
0.0126                    0
0.0126                    4.9999999999999996E-5
0.0135                    0
0.0135                    4.9999999999999996E-5
0.0144                    0
0.0144                    4.9999999999999996E-5
0.015300000000000001      0
0.015300000000000001      4.9999999999999996E-5
0.0162                    0
0.0162                    4.9999999999999996E-5
0.0171                    0
0.0171                    4.9999999999999996E-5
0.018                     0
0.018                     4.9999999999999996E-5
0.0189                    0
0.0189                    4.9999999999999996E-5
0.019799999999999998      0
0.019799999999999998      4.9999999999999996E-5
0.0207                    0
0.0207                    4.9999999999999996E-5
0.0216                    0
0.0216                    4.9999999999999996E-5
0.0225                    0
0.0225                    4.9999999999999996E-5
0.0234                    0
0.0234                    4.9999999999999996E-5
0.024300000000000002      0
0.024300000000000002      4.9999999999999996E-5
0.0252                    0
0.0252                    4.9999999999999996E-5
0.026099999999999998      0
0.026099999999999998      4.9999999999999996E-5
0.027                     0
0.027                     4.9999999999999996E-5
0.027899999999999998      0
0.027899999999999998      4.9999999999999996E-5
0.0288                    0
0.0288                    4.9999999999999996E-5
0.0297                    0
0.0297                    4.9999999999999996E-5
0.030600000000000002      0
0.030600000000000002      4.9999999999999996E-5
0.0315                    0
0.0315                    4.9999999999999996E-5
0.0324                    0
0.0324                    4.9999999999999996E-5
0.033299999999999996      0
0.033299999999999996      4.9999999999999996E-5
0.0342                    0
0.0342                    4.9999999999999996E-5
0.0351                    0
0.0351                    4.9999999999999996E-5
0.036                     0
0.036                     4.9999999999999996E-5
0.0369                    0
0.0369                    4.9999999999999996E-5
0.0378                    0
0.0378                    4.9999999999999996E-5
0.0387                    0
0.0387                    4.9999999999999996E-5
0.039599999999999996      0
0.039599999999999996      4.9999999999999996E-5
0.0405                    0
0.0405                    4.9999999999999996E-5
0.0414                    0
0.0414                    4.9999999999999996E-5
0.0423                    0
0.0423                    4.9999999999999996E-5
0.0432                    0
0.0432                    4.9999999999999996E-5
0.0441                    0
0.0441                    4.9999999999999996E-5
0.045                     0
0.045                     4.9999999999999996E-5
% Elements (points)
1
2
3
4
5
6
7
8
9
10
11
12
13
14
15
16
17
18
19
20
21
22
23
24
25
26
27
28
29
30
31
32
33
34
35
36
37
38
39
40
41
42
43
44
45
46
47
48
49
50
51
52
53
54
55
56
57
58
59
60
61
62
63
64
65
66
67
68
69
70
71
72
73
74
75
76
77
78
79
80
81
82
83
84
85
86
87
88
89
90
91
92
93
94
95
96
97
98
99
100
101
102
% Data (x (m) @ mass_load=0)
0
0
8.999754214997952E-4
9.000242874127176E-4
0.001799951466060411
0.0018000463073820276
0.002699927455624851
0.00270006536591497
0.00359990281147348
0.0036000809447915374
0.004499877079975956
0.00450009265094136
0.0053998499204895535
0.005400100204295211
0.006299821093893798
0.006300103426318508
0.007199790451718603
0.007200102229138589
0.008099757925852834
0.008100096605252573
0.008999723518820205
0.009000086617802671
0.00989968729460948
0.00990007239140579
0.010799649370045928
0.010800054103524281
0.011699609906691024
0.011700031976364725
0.01259956910325744
0.012600006269291678
0.013499527188526294
0.01349997727174327
0.014399484414753697
0.014399945296635666
0.015299441051553585
0.01529991067424332
0.016199397380243723
0.016199873746542012
0.017099353688641815
0.01709983486200165
0.017999310266298366
0.017999794370815687
0.01889926740015311
0.018899752620554162
0.019799225370601404
0.019799709952226956
0.020699184447957257
0.020699666696744185
0.021599144889299208
0.021599623171760195
0.022499106935685628
0.022499579678887768
0.023399070809725756
0.023399536501269063
0.02429903671349289
0.02429949390148964
0.02519900482676632
0.02519945211982208
0.026098975305588572
0.026099411372785736
0.02699894828112464
0.026999371852008954
0.02789892385881007
0.02789933372338055
0.028798902117774798
0.028799297126477136
0.029698883110529605
0.02969926217425307
0.030598866862902366
0.030599228952979868
0.031498853374210996
0.031499197522422015
0.032398842617660226
0.03239916791623612
0.03329883454094917
0.033299140142580425
0.03419882906707676
0.03419911418492157
0.03509882609533203
0.035099090003025774
0.03599882550245607
0.03599906753412133
0.03689882714396275
0.03689904669421933
0.03779883085560488
0.03779902737957962
0.038698836454972824
0.03869900946830886
0.039598843743212236
0.03959899282207765
0.04049885250684784
0.04049897728794331
0.041398862519699875
0.04139896270026547
0.04229887354488019
0.04229894888270104
0.04319888533685451
0.043198935650265426
0.04409889764355643
0.044098922811445854
0.04499891018945221
0.04499891018945221
% Data (y (m) @ mass_load=0)
0
4.9999999999999996E-5
-4.4374181897213194E-7
4.955623431327695E-5
-1.7415023320137043E-6
4.825840819820375E-5
-3.840554058976477E-6
4.615925621715513E-5
-6.6891289861755695E-6
4.33105541571142E-5
-1.0236548507082739E-5
3.976298723174056E-5
-1.4433223891349547E-5
3.5566150124785085E-5
-1.92306565343634E-5
3.076854677387822E-5
-2.4581438188538494E-5
2.5417590171854045E-5
-3.0439251180292143E-5
1.9559602181660046E-5
-3.6758868615236415E-5
1.3239813362323307E-5
-4.349615457245519E-5
6.502362805103688E-6
-5.060806428688653E-5
-6.09702019184389E-7
-5.8052644316880495E-5
-8.054425398750915E-6
-6.578903269207081E-5
-1.5790943500446834E-5
-7.377745903501303E-5
-2.3779484463870324E-5
-8.197924464879488E-5
-3.198136846216871E-5
-9.035680256228825E-5
-4.0359007721205644E-5
-9.887363752505698E-5
-4.887590648911056E-5
-1.0749434594520708E-4
-5.7496660949499036E-5
-1.1618461576590486E-4
-6.61869590740944E-5
-1.249112262795614E-4
-7.4913580413753E-5
-1.336420478825503E-4
-8.364439583076523E-5
-1.4234604177749244E-4
-9.234836717947052E-5
-1.5099325963402013E-4
-1.0099554694610198E-4
-1.595548432221973E-4
-1.0955707786204001E-4
-1.680030240348831E-4
-1.1800519250676275E-4
-1.7631112291619555E-4
-1.2631321291764846E-4
-1.8445354971267819E-4
-1.3445555022323092E-4
-1.9240580296198953E-4
-1.424077043147237E-4
-2.0014446963087136E-4
-1.5014626356756332E-4
-2.0764722491062242E-4
-1.5764890462119564E-4
-2.1489283207459887E-4
-1.6489439222161902E-4
-2.2186114239826002E-4
-1.7186257912720198E-4
-2.2853309513890714E-4
-1.7853440607491737E-4
-2.3489071756979115E-4
-1.84891901801669E-4
-2.4091712506113544E-4
-1.9091818311325437E-4
-2.465965211993581E-4
-1.9659745499224894E-4
-2.5191419793550046E-4
-2.019150107358186E-4
-2.5685653575382127E-4
-2.0685723211442175E-4
-2.614110038522032E-4
-2.114115895430484E-4
-2.655661603271212E-4
-2.155666422577483E-4
-2.6931165235652286E-4
-2.1931203849079954E-4
-2.726382163755037E-4
-2.2263851563940234E-4
-2.7553767824064725E-4
-2.2553790042376915E-4
-2.780029533797627E-4
-2.2800310903134518E-4
-2.8002804692459635E-4
-2.30028147244737E-4
-2.816080538249576E-4
-2.3160811055178982E-4
-2.8273915894307225E-4
-2.3273918423662808E-4
-2.834186371214881E-4
-2.3341864345440035E-4
-2.8364491695220026E-4
-2.3364491695220026E-4
% Data (u (m) @ mass_load=0)
0
0
-2.4578500204796427E-8
2.4287412717550316E-8
-4.853393958901244E-8
4.630738202764061E-8
-7.25443751489179E-8
6.536591496975116E-8
-9.718852651985952E-8
8.094479153730716E-8
-1.22920024043979E-7
9.265094136004259E-8
-1.5007951044656697E-7
1.0020429520999744E-7
-1.7890610620247636E-7
1.0342631850766939E-7
-2.0954828139661252E-7
1.0222913858894696E-7
-2.4207414716552364E-7
9.660525257300495E-8
-2.764811797937352E-7
8.661780267206913E-8
-3.1270539051840243E-7
7.239140579108476E-8
-3.5062995407296766E-7
5.410352428045961E-8
-3.900933089767466E-7
3.1976364724885725E-8
-4.308967425600196E-7
6.269291677005757E-9
-4.728114737062829E-7
-2.2728256729964632E-8
-5.155852463020879E-7
-5.4703364333033146E-8
-5.589484464157832E-7
-8.932575667992256E-8
-6.026197562748268E-7
-1.2625345798680514E-7
-6.463113581854056E-7
-1.651379983538454E-7
-6.897337016324424E-7
-2.0562918431229406E-7
-7.325998468922678E-7
-2.473794458393637E-7
-7.74629398593478E-7
-2.900477730436246E-7
-8.15552042742366E-7
-3.333032558140949E-7
-8.55110700793275E-7
-3.768282398078587E-7
-8.930643143711668E-7
-4.20321112232112E-7
-9.291902742453716E-7
-4.6349873093670657E-7
-9.632865071131776E-7
-5.0609851036534E-7
-9.951732336796442E-7
-5.478801779191285E-7
-1.0246944114275372E-6
-5.886272142617798E-7
-1.0517188753615475E-6
-6.281479910453565E-7
-1.0761411899267084E-6
-6.662766194501547E-7
-1.0978822252021367E-6
-7.028735228628298E-7
-1.1168894703969842E-6
-7.378257469298658E-7
-1.1331370976363712E-6
-7.710470201349217E-7
-1.146625789002082E-6
-8.024775779878238E-7
-1.157382339772523E-6
-8.320837638748211E-7
-1.1654590508313641E-6
-8.598574195739444E-7
-1.1709329232374733E-6
-8.858150784345654E-7
-1.1739046679713526E-6
-9.099969742267911E-7
-1.1744975439290071E-6
-9.324658786669557E-7
-1.1728560372524403E-6
-9.53305780667852E-7
-1.1691443951209088E-6
-9.726204203828623E-7
-1.1635450271758664E-6
-9.905316911322927E-7
-1.1562567877581192E-6
-1.0071779223477149E-6
-1.1474931521598334E-6
-1.0227120566927038E-6
-1.1374803001219844E-6
-1.0372997345321528E-6
-1.1264551198073453E-6
-1.0511172989567917E-6
-1.1146631454967068E-6
-1.0643497345769388E-6
-1.1023564435693327E-6
-1.0771885541461537E-6
-1.0898105477906673E-6
-1.0898105477906673E-6
% Data (v (m) @ mass_load=0)
0
0
-4.4374181897213194E-7
-4.4376568672304467E-7
-1.7415023320137043E-6
-1.7415918017962461E-6
-3.840554058976477E-6
-3.84074378284487E-6
-6.6891289861755695E-6
-6.68944584288579E-6
-1.0236548507082739E-5
-1.0237012768259439E-5
-1.4433223891349547E-5
-1.443384987521491E-5
-1.92306565343634E-5
-1.9231453226121773E-5
-2.4581438188538494E-5
-2.458240982814595E-5
-3.0439251180292143E-5
-3.044039781833995E-5
-3.6758868615236415E-5
-3.676018663767669E-5
-4.349615457245519E-5
-4.349763719489631E-5
-5.060806428688653E-5
-5.0609702019184385E-5
-5.8052644316880495E-5
-5.805442539875091E-5
-6.578903269207081E-5
-6.579094350044683E-5
-7.377745903501303E-5
-7.377948446387032E-5
-8.197924464879488E-5
-8.198136846216871E-5
-9.035680256228825E-5
-9.035900772120564E-5
-9.887363752505698E-5
-9.887590648911056E-5
-1.0749434594520708E-4
-1.0749666094949903E-4
-1.1618461576590486E-4
-1.161869590740944E-4
-1.249112262795614E-4
-1.24913580413753E-4
-1.336420478825503E-4
-1.3364439583076523E-4
-1.4234604177749244E-4
-1.4234836717947052E-4
-1.5099325963402013E-4
-1.5099554694610198E-4
-1.595548432221973E-4
-1.5955707786204E-4
-1.680030240348831E-4
-1.6800519250676274E-4
-1.7631112291619555E-4
-1.7631321291764846E-4
-1.8445354971267819E-4
-1.8445555022323092E-4
-1.9240580296198953E-4
-1.924077043147237E-4
-2.0014446963087136E-4
-2.0014626356756331E-4
-2.0764722491062242E-4
-2.0764890462119563E-4
-2.1489283207459887E-4
-2.14894392221619E-4
-2.2186114239826002E-4
-2.2186257912720198E-4
-2.2853309513890714E-4
-2.2853440607491736E-4
-2.3489071756979115E-4
-2.34891901801669E-4
-2.4091712506113544E-4
-2.4091818311325436E-4
-2.465965211993581E-4
-2.4659745499224894E-4
-2.5191419793550046E-4
-2.519150107358186E-4
-2.5685653575382127E-4
-2.5685723211442174E-4
-2.614110038522032E-4
-2.614115895430484E-4
-2.655661603271212E-4
-2.655666422577483E-4
-2.6931165235652286E-4
-2.6931203849079954E-4
-2.726382163755037E-4
-2.7263851563940234E-4
-2.7553767824064725E-4
-2.7553790042376914E-4
-2.780029533797627E-4
-2.780031090313452E-4
-2.8002804692459635E-4
-2.80028147244737E-4
-2.816080538249576E-4
-2.816081105517898E-4
-2.8273915894307225E-4
-2.827391842366281E-4
-2.834186371214881E-4
-2.8341864345440035E-4
-2.8364491695220026E-4
-2.8364491695220026E-4
% Data (x (m) @ mass_load=0.001)
0
0
8.999733241171142E-4
9.000263334593383E-4
0.0017999472073303789
0.0018000501705133219
0.002699920848569986
0.0027000706877416485
0.0035998935638812016
0.003600087261711599
0.0044998648139637845
0.004500099413733661
0.005399834190670642
0.005400106796315009
0.006299801404180942
0.006300109180334105
0.007199766270803346
0.00720010644284429
0.00809972870139666
0.008100098555493651
0.008999688690395396
0.009000085573548615
0.009899646305427784
0.009900067625508773
0.01079960167751381
0.010800044903300538
0.011699554991830863
0.011700017653037176
0.012599506479034536
0.012599986166332854
0.013499456407122022
0.013499950772158216
0.014399405073825412
0.014399911829224935
0.015299352799522048
0.015299869718886637
0.016199299920648867
0.016199824838543337
0.017099246783607525
0.017099777595536495
0.01799919373914667
0.017999728401521416
0.018899141137207802
0.0188996776673038
0.01979908932222059
0.01979962579812664
0.02069903862883374
0.02069957318939392
0.02159898937806695
0.02159952022281697
0.022498941873869745
0.022499467262969534
0.023398896400072866
0.023399414654237234
0.0242988532177178
0.02429936271814728
0.025198812562750323
0.025199311751064154
0.026098774644064012
0.02609926202223715
0.02699873964187979
0.026999213772185653
0.0278987077064479
0.027899167211408258
0.028798678957058944
0.028799122519402105
0.029698653481350635
0.02969907984397875
0.03059863133489739
0.03059903930086339
0.03149861254106997
0.03149900097356419
0.03239859709115247
0.03239896491349883
0.033298584944704154
0.03329893114036544
0.03419857603015367
0.03419889964274527
0.03509857024561328
0.03509887037892442
0.0359985674599007
0.03599884327792215
0.036898567513756156
0.03689881824071324
0.03779857022124211
0.037798795141631675
0.03869857537131324
0.038698773829943335
0.039598582729543884
0.039598754131574807
0.040498592040000315
0.04049873585098559
0.04139860302724496
0.041398718773170806
0.04229861539845956
0.04229870266578147
0.0431986288456741
0.04319868728134914
0.04409864304808268
0.04409867235959901
0.04499865765216174
0.04499865765216174
% Data (y (m) @ mass_load=0.001)
0
4.9999999999999996E-5
-4.812420725992708E-7
4.951872983941075E-5
-1.8896427794817474E-6
4.81102517136842E-5
-4.169400550152513E-6
4.5830375428747545E-5
-7.265662677986387E-6
4.2733962619178954E-5
-1.112466648567163E-5
3.887478361789412E-5
-1.569374031255869E-5
3.430551701085964E-5
-2.0921304331090925E-5
2.90777488559916E-5
-2.675687137952067E-5
2.3241971885060535E-5
-3.315104779051718E-5
1.684758470900407E-5
-4.0055534194660805E-5
9.942891047658612E-6
-4.74231262773072E-5
2.575099005429948E-6
-5.520771546694219E-5
-5.2096795852161825E-6
-6.336428953315845E-5
-1.3366429730575418E-5
-7.184893307295632E-5
-2.1851233731542833E-5
-8.061882786522894E-5
-3.06212715083326E-5
-8.963225307562159E-5
-3.963482077627626E-5
-9.884858529713128E-5
-4.885125705807423E-5
-1.082282984158162E-4
-5.823105352188032E-5
-1.177329632958882E-4
-6.773578063950404E-5
-1.2732524728449243E-4
-7.73281056650468E-5
-1.3696891354290659E-4
-8.697179194071654E-5
-1.4662882021719556E-4
-9.663169804286767E-5
-1.5627091946762389E-4
-1.0627377678757794E-4
-1.6586225638247853E-4
-1.1586507412142305E-4
-1.75370967806821E-4
-1.2537372792797264E-4
-1.8476628111946026E-4
-1.3476896678329923E-4
-1.940185129938898E-4
-1.4402110869624423E-4
-2.0309906817962169E-4
-1.5310155986986753E-4
-2.1198043833898695E-4
-1.6198281351914384E-4
-2.2063620097179316E-4
-1.706384487772871E-4
-2.2904101845582737E-4
-1.790431297186795E-4
-2.371706372264834E-4
-1.8717260452167357E-4
-2.4500188711324924E-4
-1.9500370478899105E-4
-2.5251268084514614E-4
-2.025143450377986E-4
-2.596820137301311E-4
-2.0968352236446275E-4
-2.664899635078589E-4
-2.1649131628337096E-4
-2.729176903702308E-4
-2.2291888873423972E-4
-2.789474371399374E-4
-2.2894848424811427E-4
-2.8456252959273076E-4
-2.345634302577892E-4
-2.8974737690537266E-4
-2.3974813753459861E-4
-2.9448747220877535E-4
-2.444881007310928E-4
-2.9876939322473657E-4
-2.4876989900800555E-4
-3.025808029625779E-4
-2.5258119672182577E-4
-3.059104504518401E-4
-2.559107441491319E-4
-3.087481714861723E-4
-2.587483782228316E-4
-3.110848893531214E-4
-2.6108502325502105E-4
-3.12912615524003E-4
-2.6291269162065107E-4
-3.1422445027835295E-4
-2.6422448437650773E-4
-3.150145832151646E-4
-2.6501459180475987E-4
-3.15278368312727E-4
-2.65278368312727E-4
% Data (u (m) @ mass_load=0.001)
0
0
-2.6675882885809545E-8
2.6333459338326137E-8
-5.279266962102257E-8
5.017051332196576E-8
-7.915143001381064E-8
7.068774164838698E-8
-1.0643611879846351E-7
8.726171159932797E-8
-1.3518603621517324E-7
9.941373366120826E-8
-1.65809329358945E-7
1.067963150080638E-7
-1.985958190580807E-7
1.0918033410476852E-7
-2.337291966537142E-7
1.0644284429074698E-7
-2.7129860334028777E-7
9.855549365233972E-8
-3.113096046041504E-7
8.557354861513663E-8
-3.5369457221561E-7
6.762550877469712E-8
-3.9832248619010426E-7
4.490330053858552E-8
-4.450081691375465E-7
1.7653037175465206E-8
-4.93520965464307E-7
-1.3833667144974463E-8
-5.435928779774389E-7
-4.922784178380782E-8
-5.949261745871647E-7
-8.817077506437664E-8
-6.472004779538719E-7
-1.3028111336382155E-7
-7.000793511315385E-7
-1.7516145666060012E-7
-7.532163924754362E-7
-2.2240446350719335E-7
-8.062608533258182E-7
-2.715984785834154E-7
-8.588627921982703E-7
-3.223326962026445E-7
-9.106777794089409E-7
-3.742018733589557E-7
-9.613711662595362E-7
-4.268106060806506E-7
-1.010621933053287E-6
-4.797771830297406E-7
-1.0581261302552532E-6
-5.327370304656324E-7
-1.1035999271330267E-6
-5.853457627661423E-7
-1.1467822822017434E-6
-6.372818527230645E-7
-1.1874372496759325E-6
-6.882489358471985E-7
-1.225355935984999E-6
-7.379777628477022E-7
-1.2603581202116714E-6
-7.862278143478855E-7
-1.292293552099162E-6
-8.327885917390303E-7
-1.3210429410548947E-6
-8.774805978935262E-7
-1.34651864936697E-6
-9.201560212497949E-7
-1.3686651026117498E-6
-9.606991366119703E-7
-1.3874589300303659E-6
-9.99026435811269E-7
-1.4029088475291613E-6
-1.0350865011697182E-6
-1.415055295845324E-6
-1.0688596345575662E-6
-1.4239698463294282E-6
-1.100357254732342E-6
-1.4297543867199507E-6
-1.1296210755848763E-6
-1.432540099296964E-6
-1.156722077843374E-6
-1.4324862438433422E-6
-1.181759286758602E-6
-1.4297787578861773E-6
-1.2048583683278154E-6
-1.4246286867562594E-6
-1.2261700566654202E-6
-1.4172704561154918E-6
-1.2458684251898734E-6
-1.4079599996842889E-6
-1.2641490144102808E-6
-1.396972755035556E-6
-1.2812268291928255E-6
-1.384601540435727E-6
-1.2973342185229762E-6
-1.3711543259016434E-6
-1.3127186508630337E-6
-1.3569519173219962E-6
-1.3276404009928541E-6
-1.3423478382586406E-6
-1.3423478382586406E-6
% Data (v (m) @ mass_load=0.001)
0
0
-4.812420725992708E-7
-4.812701605892409E-7
-1.8896427794817474E-6
-1.8897482863157924E-6
-4.169400550152513E-6
-4.1696245712524515E-6
-7.265662677986387E-6
-7.266037380821042E-6
-1.112466648567163E-5
-1.1125216382105873E-5
-1.569374031255869E-5
-1.5694482989140354E-5
-2.0921304331090925E-5
-2.0922251144008395E-5
-2.675687137952067E-5
-2.675802811493946E-5
-3.315104779051718E-5
-3.3152415290995925E-5
-4.0055534194660805E-5
-4.0057108952341384E-5
-4.74231262773072E-5
-4.742490099457005E-5
-5.520771546694219E-5
-5.520967958521618E-5
-6.336428953315845E-5
-6.336642973057541E-5
-7.184893307295632E-5
-7.185123373154283E-5
-8.061882786522894E-5
-8.06212715083326E-5
-8.963225307562159E-5
-8.963482077627625E-5
-9.884858529713128E-5
-9.885125705807423E-5
-1.082282984158162E-4
-1.0823105352188032E-4
-1.177329632958882E-4
-1.1773578063950403E-4
-1.2732524728449243E-4
-1.273281056650468E-4
-1.3696891354290659E-4
-1.3697179194071654E-4
-1.4662882021719556E-4
-1.4663169804286766E-4
-1.5627091946762389E-4
-1.5627377678757793E-4
-1.6586225638247853E-4
-1.6586507412142304E-4
-1.75370967806821E-4
-1.7537372792797264E-4
-1.8476628111946026E-4
-1.8476896678329923E-4
-1.940185129938898E-4
-1.9402110869624423E-4
-2.0309906817962169E-4
-2.0310155986986753E-4
-2.1198043833898695E-4
-2.1198281351914383E-4
-2.2063620097179316E-4
-2.2063844877728708E-4
-2.2904101845582737E-4
-2.290431297186795E-4
-2.371706372264834E-4
-2.3717260452167356E-4
-2.4500188711324924E-4
-2.4500370478899104E-4
-2.5251268084514614E-4
-2.525143450377986E-4
-2.596820137301311E-4
-2.5968352236446275E-4
-2.664899635078589E-4
-2.6649131628337096E-4
-2.729176903702308E-4
-2.729188887342397E-4
-2.789474371399374E-4
-2.7894848424811426E-4
-2.8456252959273076E-4
-2.845634302577892E-4
-2.8974737690537266E-4
-2.897481375345986E-4
-2.9448747220877535E-4
-2.9448810073109277E-4
-2.9876939322473657E-4
-2.9876989900800557E-4
-3.025808029625779E-4
-3.025811967218258E-4
-3.059104504518401E-4
-3.0591074414913186E-4
-3.087481714861723E-4
-3.087483782228316E-4
-3.110848893531214E-4
-3.1108502325502107E-4
-3.12912615524003E-4
-3.129126916206511E-4
-3.1422445027835295E-4
-3.142244843765077E-4
-3.150145832151646E-4
-3.150145918047599E-4
-3.15278368312727E-4
-3.15278368312727E-4
% Data (x (m) @ mass_load=0.005)
0
0
8.999647973993507E-4
9.000346093084152E-4
0.0017999297666174351
0.0018000656752582785
0.00269989349786737
0.0027000917396353095
0.0035998547847941064
0.003600111656550946
0.0044998126587108755
0.0045001245178820735
0.005399766368875884
0.005400129633486987
0.006299715363600223
0.006300126512310121
0.007199659272135149
0.007200114844266649
0.0080995978873259
0.008100094482893958
0.008999531149019252
0.009000065428757044
0.009899459128212062
0.009900027813594883
0.010799382011928108
0.010799981885194897
0.011699300088810528
0.011699927992982626
0.012599213735417319
0.012599866574313896
0.013499123403207188
0.013499798141456701
0.014399029606203246
0.014399723269250106
0.015298932909321793
0.015299642583427525
0.016198833917353436
0.016199556749591636
0.017098733264583662
0.017099466462828172
0.017998631605039617
0.01799937243794567
0.018898529603349895
0.018899275400328184
0.01979842792620364
0.019799176077387657
0.02069832723439518
0.020699075190602562
0.02159822817544018
0.0215989734481291
0.022498131376749057
0.02249887153797111
0.02339803743934348
0.02339877012169463
0.024297946932101466
0.024298669828672972
0.02519786038651699
0.025198571250848026
0.02609777829195985
0.02609847493799367
0.02699770109142189
0.026998381393467084
0.02789762917773586
0.027898291070434
0.02879756289025353
0.028798204368554178
0.029697502511969797
0.029698121631113353
0.03059744826707998
0.03059804314258856
0.031497400318957446
0.031497969126633545
0.032397358768539164
0.03239789974447146
0.03329732365310655
0.033297835093682115
0.03419729494544937
0.03419777520737111
0.035097272553400026
0.035097720053708356
0.03599725631972602
0.03599766953582342
0.03689724602236772
0.03689762349204519
0.03779724137500886
0.037797581696473105
0.038697242027966976
0.038697543859867505
0.039597247569390724
0.03959750963084593
0.040497257526751096
0.040497478597372814
0.0413972713686133
0.04139745028852928
0.04229728850667618
0.04229742417655014
0.04319730829806572
0.043197399679114686
0.04409733004784662
0.044097376161868415
0.04499735297655965
0.04499735297655965
% Data (y (m) @ mass_load=0.005)
0
4.9999999999999996E-5
-6.332983208220739E-7
4.9366652957690665E-5
-2.490436323800563E-6
4.7509379584515914E-5
-5.503315892185773E-6
4.449629171611906E-5
-9.604742900365977E-6
4.039459785919874E-5
-1.4728612203261191E-5
3.527041580733209E-5
-2.08099085987835E-5
2.9188772339560703E-5
-2.7784707476036343E-5
2.221360261586154E-5
-3.559017541058844E-5
1.4407749624826418E-5
-4.416457071444841E-5
5.832963675924454E-6
-5.3447243945465524E-5
-3.450098068376461E-6
-6.337863837763473E-5
-1.3381872022105024E-5
-7.390029043039018E-5
-2.390388856498005E-5
-8.495483005153139E-5
-3.49587723859434E-5
-9.648598104525786E-5
-4.649024277250586E-5
-1.0843856133417743E-4
-5.8443113834769704E-5
-1.207584831422299E-4
-7.076329465107E-5
-1.333927530846203E-4
-8.339778932133112E-5
-1.4628947215162392E-4
-9.629469691500606E-5
-1.5939783557505886E-4
-1.0940321130240097E-4
-1.7266813256973826E-4
-1.2267362086170708E-4
-1.8605174594684516E-4
-1.3605730805869398E-4
-1.995011516023875E-4
-1.4950674890223516E-4
-2.1296991788998285E-4
-1.6297551228492563E-4
-2.264127048943721E-4
-1.7641825922520488E-4
-2.3978526362797105E-4
-1.8979074203330054E-4
-2.5304443517767364E-4
-2.030498034282138E-4
-2.661481498333427E-4
-2.1615337563718449E-4
-2.790554262310743E-4
-2.2906047951071963E-4
-2.917263705436868E-4
-2.4173122368563012E-4
-3.0412217574846666E-4
-2.5412680382610043E-4
-3.1620512099860145E-4
-2.6620950196920665E-4
-3.2793857111849186E-4
-2.7794268599506456E-4
-3.3928697623621443E-4
-2.8929080923486357E-4
-3.5021587155904224E-4
-3.0021941022268113E-4
-3.606918772912165E-4
-3.1069511259026127E-4
-3.706826986867471E-4
-3.206856250975224E-4
-3.8015712622361045E-4
-3.3015974178516325E-4
-3.89085035882683E-4
-3.3908734223269527E-4
-3.974373895116286E-4
-3.4743939190212605E-4
-4.051862352524944E-4
-3.551879425460462E-4
-4.1230470801206743E-4
-3.6230613265917863E-4
-4.1876702995507554E-4
-3.687681879534781E-4
-4.245485110026078E-4
-3.7454942183916295E-4
-4.2962554932017197E-4
-3.7962623589610266E-4
-4.3397563178237356E-4
-3.839761203225507E-4
-4.375773344043577E-4
-3.875776543513712E-4
-4.4041032273225777E-4
-3.904105066260062E-4
-4.4245535218695827E-4
-3.924554355304958E-4
-4.436942682690999E-4
-3.936942895290687E-4
-4.441101257009469E-4
-3.9411012570094686E-4
% Data (u (m) @ mass_load=0.005)
0
0
-3.520260064930362E-8
3.4609308415282845E-8
-7.023338256478656E-8
6.567525827868449E-8
-1.065021326303766E-7
9.173963530944329E-8
-1.4521520589336226E-7
1.1165655094620993E-7
-1.8734128912374712E-7
1.2451788207361666E-7
-2.336311241160931E-7
1.2963348698623802E-7
-2.84636399777374E-7
1.2651231012095226E-7
-3.407278648504923E-7
1.1484426664978178E-7
-4.021126740986501E-7
9.448289395868177E-8
-4.6885098074712856E-7
6.542875704382032E-8
-5.408717879366743E-7
2.781359488434354E-8
-6.17988071893816E-7
-1.811480510385449E-8
-6.99911189471966E-7
-7.200701737524917E-8
-7.862645826813438E-7
-1.3342568610330633E-7
-8.765967928108649E-7
-2.018585432983971E-7
-9.703937967527103E-7
-2.7673074989366024E-7
-1.0670906782092624E-6
-3.57416572474797E-7
-1.1660826465624418E-6
-4.4325040836344013E-7
-1.2667354163382268E-6
-5.335371718294159E-7
-1.3683949603831698E-6
-6.27562054329904E-7
-1.4703966501043274E-6
-7.245996718151329E-7
-1.5720737963610272E-6
-8.2392261233965E-7
-1.672765604819067E-6
-9.248093974359156E-7
-1.7718245598215728E-6
-1.0265518709001018E-6
-1.8686232509414003E-6
-1.1284620288916176E-6
-1.9625606565225953E-6
-1.2298783053696918E-6
-2.053067898535817E-6
-1.3301713270307863E-6
-2.13961348300879E-6
-1.4287491519753572E-6
-2.221708040146911E-6
-1.525062006328847E-6
-2.298908578109504E-6
-1.6186065329175089E-6
-2.3708222641380144E-6
-1.7089295659965688E-6
-2.4371097464707224E-6
-1.79563144582294E-6
-2.4974880302037057E-6
-1.8783688866459821E-6
-2.551732920023753E-6
-1.9568574114397834E-6
-2.599681042551866E-6
-2.0308733664585274E-6
-2.6412314608353536E-6
-2.100255528539345E-6
-2.6763468934437613E-6
-2.164906317881424E-6
-2.705054550631626E-6
-2.224792628886256E-6
-2.727446599972215E-6
-2.2799462916433646E-6
-2.743680273975032E-6
-2.3304641765773512E-6
-2.7539776322802984E-6
-2.3765079548157146E-6
-2.7586249911408678E-6
-2.4183035268924755E-6
-2.7579720330242486E-6
-2.4561401324949107E-6
-2.752430609275241E-6
-2.490369154068873E-6
-2.7424732489082573E-6
-2.5214026271903376E-6
-2.728631386698885E-6
-2.549711470718976E-6
-2.7114933238133077E-6
-2.5758234498559846E-6
-2.6917019342824936E-6
-2.6003208853154683E-6
-2.6699521533772624E-6
-2.623838131584501E-6
-2.647023440350693E-6
-2.647023440350693E-6
% Data (v (m) @ mass_load=0.005)
0
0
-6.332983208220739E-7
-6.333470423093324E-7
-2.490436323800563E-6
-2.490620415484084E-6
-5.503315892185773E-6
-5.503708283880936E-6
-9.604742900365977E-6
-9.605402140801257E-6
-1.4728612203261191E-5
-1.472958419266791E-5
-2.08099085987835E-5
-2.0811227660439292E-5
-2.7784707476036343E-5
-2.7786397384138455E-5
-3.559017541058844E-5
-3.559225037517358E-5
-4.416457071444841E-5
-4.416703632407554E-5
-5.3447243945465524E-5
-5.3450098068376456E-5
-6.337863837763473E-5
-6.338187202210502E-5
-7.390029043039018E-5
-7.390388856498005E-5
-8.495483005153139E-5
-8.49587723859434E-5
-9.648598104525786E-5
-9.649024277250585E-5
-1.0843856133417743E-4
-1.084431138347697E-4
-1.207584831422299E-4
-1.2076329465106999E-4
-1.333927530846203E-4
-1.333977893213311E-4
-1.4628947215162392E-4
-1.4629469691500606E-4
-1.5939783557505886E-4
-1.5940321130240097E-4
-1.7266813256973826E-4
-1.7267362086170708E-4
-1.8605174594684516E-4
-1.8605730805869398E-4
-1.995011516023875E-4
-1.9950674890223516E-4
-2.1296991788998285E-4
-2.1297551228492562E-4
-2.264127048943721E-4
-2.2641825922520487E-4
-2.3978526362797105E-4
-2.3979074203330053E-4
-2.5304443517767364E-4
-2.530498034282138E-4
-2.661481498333427E-4
-2.661533756371845E-4
-2.790554262310743E-4
-2.790604795107196E-4
-2.917263705436868E-4
-2.917312236856301E-4
-3.0412217574846666E-4
-3.041268038261004E-4
-3.1620512099860145E-4
-3.162095019692066E-4
-3.2793857111849186E-4
-3.2794268599506453E-4
-3.3928697623621443E-4
-3.3929080923486354E-4
-3.5021587155904224E-4
-3.5021941022268116E-4
-3.606918772912165E-4
-3.6069511259026124E-4
-3.706826986867471E-4
-3.706856250975224E-4
-3.8015712622361045E-4
-3.801597417851632E-4
-3.89085035882683E-4
-3.890873422326953E-4
-3.974373895116286E-4
-3.9743939190212607E-4
-4.051862352524944E-4
-4.051879425460462E-4
-4.1230470801206743E-4
-4.123061326591786E-4
-4.1876702995507554E-4
-4.187681879534781E-4
-4.245485110026078E-4
-4.2454942183916297E-4
-4.2962554932017197E-4
-4.2962623589610263E-4
-4.3397563178237356E-4
-4.3397612032255073E-4
-4.375773344043577E-4
-4.3757765435137124E-4
-4.4041032273225777E-4
-4.4041050662600625E-4
-4.4245535218695827E-4
-4.4245543553049575E-4
-4.436942682690999E-4
-4.436942895290687E-4
-4.441101257009469E-4
-4.441101257009469E-4
% Data (x (m) @ mass_load=0.01)
0
0
8.999541320680633E-4
9.000448664970356E-4
0.0017999076795538874
0.0018000846084633105
0.002699858229863173
0.0027001167323803216
0.003599803714272002
0.0036001392299468893
0.004499742449043073
0.0045001504780092395
0.005399673106489756
0.005400149209550005
0.0062995946870646104
0.006300134485769662
0.007199506492411616
0.007200105669131993
0.008099408099370105
0.008100062397361527
0.00899929933491846
0.009000004558380913
0.009899180252045716
0.009899932266176156
0.010799051106539323
0.010799845837577659
0.011698912334677356
0.011699745769945074
0.012598764531813638
0.012599632719744083
0.013498608431844118
0.013499507482003273
0.014398444887542888
0.014399370970639362
0.015298274851756003
0.015299224199638957
0.016198099359441023
0.016199068265084944
0.017097919510539843
0.017098904328015346
0.017997736453671784
0.01799873359810215
0.018897551370633515
0.018898557318137166
0.019797365461691637
0.019798376749311397
0.020697179931653268
0.020698193157273944
0.021596995976699347
0.02159800779895569
0.022496814771964985
0.022497821910142785
0.02339663745985084
0.023397636693784262
0.024296465139049355
0.024297453309017853
0.025196298854269834
0.025197272860898148
0.026096139586646333
0.026097096390810988
0.026995988244813026
0.026996924867558357
0.027895845656632057
0.027896759179098313
0.028795712561559595
0.028796600124925173
0.029695589603636368
0.0296964484090755
0.03059547732508973
0.030596304633746234
0.03149537616053495
0.03149616929351181
0.032395286431763856
0.03239604277012777
0.03329520834310933
0.0332959253279088
0.03419514197737439
0.03419581710966957
0.03509508729231465
0.0350957181332168
0.035995044117662855
0.035995628288381404
0.03689501215268405
0.03689554733457915
0.03779499096424957
0.03779547489888832
0.03869497998541814
0.038695410474632846
0.039594978514511624
0.039595353420458834
0.040494985714673214
0.040495302959892274
0.04139500061389537
0.04139525818136553
0.042295022105504926
0.042295218038699914
0.04319504894909224
0.043195181352031244
0.044095079771827916
0.04409514680914633
0.044995113018897644
0.044995113018897644
% Data (y (m) @ mass_load=0.01)
0
4.9999999999999996E-5
-8.226394542889199E-7
4.9177278239840246E-5
-3.238507954524244E-6
4.6761179770958456E-5
-7.16413610934224E-6
4.283519640400001E-5
-1.2516902673799379E-5
3.748197234775365E-5
-1.921527495800398E-5
3.078306086850726E-5
-2.7178810768870253E-5
2.2818923157911647E-5
-3.632815991617346E-5
1.3668926880807558E-5
-4.6585065593570664E-5
3.4113448474188955E-6
-5.7872365640004837E-5
-7.876646195504438E-6
-7.011399368572635E-5
-2.0118966658827134E-5
-8.32349801841318E-5
-3.3240635091649504E-5
-9.716145332600202E-5
-4.716776904498719E-5
-1.1182063982714687E-4
-6.182758580951265E-5
-1.2714086557481008E-4
-7.714840301270773E-5
-1.4305155611343535E-4
-9.305963905602689E-5
-1.5948323694745556E-4
-1.094918133697365E-4
-1.7636753363801632E-4
-1.2637654646234842E-4
-1.9363717167204664E-4
-1.436465597430753E-4
-2.1122597608631727E-4
-1.6123567509996757E-4
-2.290688708361991E-4
-1.790788142234715E-4
-2.4710187790812684E-4
-1.9711199767444236E-4
-2.6526211618539024E-4
-2.1527234370626847E-4
-2.834878000884111E-4
-2.3349806686229509E-4
-3.017182380219289E-4
-2.5172847638100084E-4
-3.1989383067271754E-4
-2.699039744525741E-4
-3.379560692106585E-4
-2.8796605437973115E-4
-3.5584753345147793E-4
-3.058572987010887E-4
-3.735118900429695E-4
-3.2352137733891414E-4
-3.908938907373437E-4
-3.40903045833881E-4
-4.079393708081066E-4
-3.5794814372520824E-4
-4.2459524766175866E-4
-3.7460359312644904E-4
-4.4080951968571364E-4
-3.9081739753829396E-4
-4.5653126536327756E-4
-4.065386409291947E-4
-4.717106426732817E-4
-4.217174871013659E-4
-4.8629888877731934E-4
-4.363051793450808E-4
-5.002483199847216E-4
-4.502540403713706E-4
-5.135123319747822E-4
-4.635174725026172E-4
-5.260454002465392E-4
-4.7604995809133466E-4
-5.378030807608215E-4
-4.8780706013184464E-4
-5.48742010737013E-4
-4.987454230273E-4
-5.588199095669827E-4
-5.088227734745133E-4
-5.679955798109473E-4
-5.179979214313687E-4
-5.762289082440729E-4
-5.262307611356361E-4
-5.834808669274371E-4
-5.334822721488233E-4
-5.897135142810374E-4
-5.397145204027627E-4
-5.948899961392629E-4
-5.448906592293651E-4
-5.989745467702563E-4
-5.489749303549734E-4
-6.019324898397452E-4
-5.519326648399117E-4
-6.037302391263755E-4
-5.537302840561438E-4
-6.043354732669812E-4
-5.543354732669811E-4
% Data (u (m) @ mass_load=0.01)
0
0
-4.58679319367138E-8
4.486649703567093E-8
-9.232044611250528E-8
8.460846331053907E-8
-1.4177013682709381E-7
1.1673238032129034E-7
-1.962857279979166E-7
1.392299468893304E-7
-2.5755095692709905E-7
1.5047800923993054E-7
-3.2689351024420533E-7
1.4920955000449865E-7
-4.0531293538948875E-7
1.3448576966182455E-7
-4.93507588383676E-7
1.0566913199345308E-7
-5.919006298946546E-7
6.239736152737752E-8
-7.006650815401914E-7
4.558380913341545E-9
-8.197479542826514E-7
-6.773382384339274E-8
-9.488934606773931E-7
-1.541624223415692E-7
-1.0876653226439466E-6
-2.5423005492670863E-7
-1.235468186361814E-6
-3.672802559174196E-7
-1.391568155881554E-6
-4.925179967262547E-7
-1.5551124571116414E-6
-6.29029360637921E-7
-1.7251482439979954E-6
-7.758003610437841E-7
-1.9006405589753947E-6
-9.31734915056304E-7
-2.0804894601563336E-6
-1.0956719846539185E-6
-2.2635463282158764E-6
-1.2664018978489674E-6
-2.448629366484979E-6
-1.4426818628354038E-6
-2.634538308360532E-6
-1.6232506885999331E-6
-2.820068346730479E-6
-1.8068427260548778E-6
-3.0040233006528614E-6
-1.9922010443110302E-6
-3.185228035013621E-6
-2.1780898572132764E-6
-3.3625401491623845E-6
-2.363306215739967E-6
-3.534860950645867E-6
-2.5466909821489882E-6
-3.7011457301658254E-6
-2.727139101853666E-6
-3.8604133536639535E-6
-2.9036091890114657E-6
-4.011755186972143E-6
-3.0751324416440612E-6
-4.154343367942224E-6
-3.2408209016845736E-6
-4.2874384404046305E-6
-3.399875074824925E-6
-4.410396363633533E-6
-3.551590924500389E-6
-4.522674910273183E-6
-3.6953662537679837E-6
-4.62383946505058E-6
-3.830706488191327E-6
-4.713568236139351E-6
-3.957229872232141E-6
-4.791656890665069E-6
-4.074672091197864E-6
-4.85802262561003E-6
-4.1828903304356744E-6
-4.912707685353264E-6
-4.281866783205283E-6
-4.95588233714218E-6
-4.3717116185922645E-6
-4.987847315952727E-6
-4.452665420850522E-6
-5.009035750429518E-6
-4.5251011116820305E-6
-5.020014581859175E-6
-4.589525367149595E-6
-5.02148548837516E-6
-4.6465795411601976E-6
-5.014285326789585E-6
-4.697040107726572E-6
-4.999386104625354E-6
-4.741818634469782E-6
-4.977894495073296E-6
-4.781961300086844E-6
-4.951050907761085E-6
-4.818647968760536E-6
-4.920228172081867E-6
-4.853190853671976E-6
-4.886981102355589E-6
-4.886981102355589E-6
% Data (v (m) @ mass_load=0.01)
0
0
-8.226394542889199E-7
-8.227217601597493E-7
-3.238507954524244E-6
-3.2388202290415404E-6
-7.16413610934224E-6
-7.164803595999986E-6
-1.2516902673799379E-5
-1.2518027652246349E-5
-1.921527495800398E-5
-1.9216939131492733E-5
-2.7178810768870253E-5
-2.718107684208835E-5
-3.632815991617346E-5
-3.633107311919244E-5
-4.6585065593570664E-5
-4.65886551525811E-5
-5.7872365640004837E-5
-5.7876646195504433E-5
-7.011399368572635E-5
-7.011896665882713E-5
-8.32349801841318E-5
-8.32406350916495E-5
-9.716145332600202E-5
-9.716776904498718E-5
-1.1182063982714687E-4
-1.1182758580951265E-4
-1.2714086557481008E-4
-1.2714840301270773E-4
-1.4305155611343535E-4
-1.430596390560269E-4
-1.5948323694745556E-4
-1.594918133697365E-4
-1.7636753363801632E-4
-1.7637654646234841E-4
-1.9363717167204664E-4
-1.936465597430753E-4
-2.1122597608631727E-4
-2.1123567509996757E-4
-2.290688708361991E-4
-2.290788142234715E-4
-2.4710187790812684E-4
-2.4711199767444235E-4
-2.6526211618539024E-4
-2.6527234370626846E-4
-2.834878000884111E-4
-2.834980668622951E-4
-3.017182380219289E-4
-3.017284763810008E-4
-3.1989383067271754E-4
-3.199039744525741E-4
-3.379560692106585E-4
-3.379660543797311E-4
-3.5584753345147793E-4
-3.5585729870108866E-4
-3.735118900429695E-4
-3.7352137733891416E-4
-3.908938907373437E-4
-3.9090304583388097E-4
-4.079393708081066E-4
-4.0794814372520827E-4
-4.2459524766175866E-4
-4.2460359312644907E-4
-4.4080951968571364E-4
-4.40817397538294E-4
-4.5653126536327756E-4
-4.5653864092919474E-4
-4.717106426732817E-4
-4.717174871013659E-4
-4.8629888877731934E-4
-4.863051793450808E-4
-5.002483199847216E-4
-5.002540403713706E-4
-5.135123319747822E-4
-5.135174725026172E-4
-5.260454002465392E-4
-5.260499580913347E-4
-5.378030807608215E-4
-5.378070601318447E-4
-5.48742010737013E-4
-5.487454230273E-4
-5.588199095669827E-4
-5.588227734745133E-4
-5.679955798109473E-4
-5.679979214313687E-4
-5.762289082440729E-4
-5.762307611356361E-4
-5.834808669274371E-4
-5.834822721488233E-4
-5.897135142810374E-4
-5.897145204027627E-4
-5.948899961392629E-4
-5.948906592293652E-4
-5.989745467702563E-4
-5.989749303549735E-4
-6.019324898397452E-4
-6.019326648399118E-4
-6.037302391263755E-4
-6.037302840561439E-4
-6.043354732669812E-4
-6.043354732669812E-4
% Data (x (m) @ mass_load=0.02)
0
0
8.999330177128297E-4
9.000648691793968E-4
0.0017998630888138186
0.0018001206009091856
0.0026997850427981636
0.0027001618797561945
0.00359969443862973
0.0036001843251095922
0.004499587614284255
0.004500184335910531
0.0053994616345496085
0.00540015903841065
0.006299314240178572
0.006300106235370926
0.007199143798311833
0.007200024356529059
0.008098949254162355
0.008099912410323486
0.008998730083957516
0.008999769936866454
0.009898486249141313
0.009899596962163755
0.01079821815184509
0.010799393953584487
0.01169792659164152
0.011699161776590363
0.012597612723602115
0.012598901652740321
0.01349727801768274
0.013498615118991492
0.014396924219463769
0.014398303988321615
0.015296553312271009
0.015297970311699752
0.01619616748069967
0.016197616341430944
0.01709576907555674
0.017097244495896183
0.017995360580226754
0.017996857325701103
0.01889494457845339
0.01889645748123628
0.019794523723514784
0.01979604768163844
0.020694100708755766
0.020695630685127753
0.021593678239425734
0.021595209260681203
0.02249325900575908
0.02249478616098874
0.023392845657225526
0.02339436409662728
0.024292440777872674
0.024293945711379585
0.025192046862682102
0.02519353355862095
0.02609166629486393
0.026093130078696906
0.02699130132402249
0.02699273757721967
0.027890954045137046
0.027892358204219533
0.02879062637831541
0.02879199393409906
0.029690320049293412
0.02969164654635159
0.030590036570668656
0.030591317607020423
0.0314897772238709
0.03149100845088945
0.032389543041883614
0.03239072016440905
0.033289334792739884
0.03329045356937191
0.03418915296382138
0.03419020920736139
0.035088997746990744
0.03508998732499918
0.03598886902458684
0.0359897878600207
0.036888766356307646
0.03688961042820458
0.037788688967000474
0.03778945431117895
0.038688635735371735
0.03868931844512145
0.039588605183621714
0.03958920141036302
0.04048859546800275
0.040489101421899265
0.041388604370293354
0.04138901632080609
0.0422886292901754
0.04228894356655077
0.04318866723849724
0.04318888023018412
0.04408871483131763
0.04408882298835691
0.04498876820184064
0.04498876820184064
% Data (y (m) @ mass_load=0.02)
0
4.9999999999999996E-5
-1.1947657517740743E-6
4.880506043766232E-5
-4.708393106416023E-6
4.529094482873882E-5
-1.0426665382580153E-5
3.9571915600732315E-5
-1.8236103985891468E-5
3.1761497138815936E-5
-2.8024321678145995E-5
2.1972118508943357E-5
-3.968003158462082E-5
1.0315105554510179E-5
-5.3093056615170134E-5
-3.09932845385372E-6
-6.815433970312868E-5
-1.8162092986995877E-5
-8.475595480558502E-5
-3.4765231187771994E-5
-1.0279111854528298E-4
-5.2801931443367814E-5
-1.2215420229633569E-4
-7.21665394012743E-5
-1.42740744427041E-4
-9.275457014186201E-5
-1.644474623198736E-4
-1.1446272012728993E-4
-1.8717226370003868E-4
-1.3718887845783024E-4
-2.1081425673154575E-4
-1.6083213689434161E-4
-2.3527375829422094E-4
-1.85292798060203E-4
-2.604522998468441E-4
-2.1047238122794026E-4
-2.8625263031810904E-4
-2.3627362513247045E-4
-3.1257871555150817E-4
-2.6260048733747613E-4
-3.393357339608866E-4
-2.8935813981223577E-4
-3.664300682234744E-4
-3.1645296054643953E-4
-3.9376929303605286E-4
-3.437925212294485E-4
-4.212621591707457E-4
-3.7128557123130754E-4
-4.4881857427821214E-4
-3.988420183340676E-4
-4.763495810771598E-4
-4.2637290685298263E-4
-5.037673337265205E-4
-4.537903939444072E-4
-5.309850732905362E-4
-4.8100772501090253E-4
-5.579171032642845E-4
-5.079392091710935E-4
-5.844787661257849E-4
-5.345001957601932E-4
-6.105864218210614E-4
-5.606070527671148E-4
-6.361574289740653E-4
-5.861771479994446E-4
-6.611101294533802E-4
-6.11128833607424E-4
-6.853638367326323E-4
-6.353814344030354E-4
-7.088388282684587E-4
-6.588552401972185E-4
-7.31456341907054E-4
-6.814715021654878E-4
-7.53138576126631E-4
-7.031524330486497E-4
-7.738086937502284E-4
-7.238212108226032E-4
-7.933908286305425E-4
-7.434019853386225E-4
-8.118100947201699E-4
-7.618198873474308E-4
-8.289925969016999E-4
-7.790010392815827E-4
-8.448654429552081E-4
-7.948725671739342E-4
-8.593567560842714E-4
-8.093626131336338E-4
-8.723956874915928E-4
-8.224003478711003E-4
-8.839124285808922E-4
-8.339159828490208E-4
-8.938382224511572E-4
-8.43840781725836E-4
-9.021053744365716E-4
-8.521070708453635E-4
-9.086472615196567E-4
-8.586482486003766E-4
-9.133983405065889E-4
-8.633987935593484E-4
-9.162941545588268E-4
-8.662942715134308E-4
-9.172716207635385E-4
-8.672716207635385E-4
% Data (u (m) @ mass_load=0.02)
0
0
-6.698228717023366E-8
6.486917939677546E-8
-1.3691118618140565E-7
1.2060090918569646E-7
-2.149572018366819E-7
1.6187975619429364E-7
-3.0556137027012223E-7
1.843251095922986E-7
-4.123857157448569E-7
1.8433591053148666E-7
-5.383654503919308E-7
1.5903841065031103E-7
-6.857598214284547E-7
1.06235370925427E-7
-8.562016881665109E-7
2.435652905938681E-8
-1.0507458376447616E-6
-8.758967651367733E-8
-1.2699160424823296E-6
-2.3006313354578837E-7
-1.5137508586852806E-6
-4.030378362436111E-7
-1.7818481549103262E-6
-6.060464155141586E-7
-2.0734083584810935E-6
-8.382234096380628E-7
-2.3872763978844877E-6
-1.098347259678254E-6
-2.72198231725985E-6
-1.3848810085078951E-6
-3.0757805362304704E-6
-1.6960116783842865E-6
-3.446687728993261E-6
-2.0296883002492574E-6
-3.832519300329867E-6
-2.383658569053862E-6
-4.230924443259407E-6
-2.7555041038180274E-6
-4.6394197732442534E-6
-3.142674298896063E-6
-5.055421546609396E-6
-3.5425187637226533E-6
-5.476276485212704E-6
-3.952318361555812E-6
-5.899291244234998E-6
-4.369314872247023E-6
-6.321760574265819E-6
-4.790739318799789E-6
-6.740994240919133E-6
-5.213839011261074E-6
-7.1543427744743924E-6
-5.635903372720544E-6
-7.559222127328535E-6
-6.054288620417358E-6
-7.953137317897018E-6
-6.466441379053093E-6
-8.333705136066793E-6
-6.869921303092354E-6
-8.698675977509164E-6
-7.2624227803294486E-6
-9.045954862951365E-6
-7.641795780465954E-6
-9.373621684588722E-6
-8.006065900938685E-6
-9.679950706589008E-6
-8.353453648411052E-6
-9.963429331346807E-6
-8.68239297957951E-6
-1.0222776129102052E-5
-8.991549110545983E-6
-1.0456958116385241E-5
-9.279835590951104E-6
-1.066520726011128E-5
-9.546430628087142E-6
-1.0847036178626758E-5
-9.79079263860999E-6
-1.1002253009252796E-5
-1.0012675000813485E-5
-1.1130975413156577E-5
-1.0212139979296173E-5
-1.1233643692354665E-5
-1.0389571795423825E-5
-1.1311032999527389E-5
-1.0545688821049705E-5
-1.1364264628261432E-5
-1.0681554878549172E-5
-1.1394816378282971E-5
-1.0798589636975683E-5
-1.1404531997250336E-5
-1.0898578100733511E-5
-1.1395629706647825E-5
-1.0983679193905502E-5
-1.1370709824598572E-5
-1.1056433449227288E-5
-1.1332761502760928E-5
-1.1119769815878156E-5
-1.128516868237133E-5
-1.1177011643090361E-5
-1.1231798159359157E-5
-1.1231798159359157E-5
% Data (v (m) @ mass_load=0.02)
0
0
-1.1947657517740743E-6
-1.1949395623376766E-6
-4.708393106416023E-6
-4.709055171261174E-6
-1.0426665382580153E-5
-1.042808439926768E-5
-1.8236103985891468E-5
-1.8238502861184063E-5
-2.8024321678145995E-5
-2.802788149105664E-5
-3.968003158462082E-5
-3.9684894445489816E-5
-5.3093056615170134E-5
-5.3099328453853716E-5
-6.815433970312868E-5
-6.816209298699587E-5
-8.475595480558502E-5
-8.476523118777199E-5
-1.0279111854528298E-4
-1.0280193144336781E-4
-1.2215420229633569E-4
-1.221665394012743E-4
-1.42740744427041E-4
-1.42754570141862E-4
-1.644474623198736E-4
-1.6446272012728992E-4
-1.8717226370003868E-4
-1.8718887845783024E-4
-2.1081425673154575E-4
-2.108321368943416E-4
-2.3527375829422094E-4
-2.35292798060203E-4
-2.604522998468441E-4
-2.6047238122794026E-4
-2.8625263031810904E-4
-2.8627362513247045E-4
-3.1257871555150817E-4
-3.1260048733747616E-4
-3.393357339608866E-4
-3.393581398122358E-4
-3.664300682234744E-4
-3.6645296054643956E-4
-3.9376929303605286E-4
-3.9379252122944845E-4
-4.212621591707457E-4
-4.212855712313075E-4
-4.4881857427821214E-4
-4.4884201833406763E-4
-4.763495810771598E-4
-4.763729068529826E-4
-5.037673337265205E-4
-5.037903939444072E-4
-5.309850732905362E-4
-5.310077250109026E-4
-5.579171032642845E-4
-5.579392091710936E-4
-5.844787661257849E-4
-5.845001957601933E-4
-6.105864218210614E-4
-6.106070527671148E-4
-6.361574289740653E-4
-6.361771479994447E-4
-6.611101294533802E-4
-6.611288336074241E-4
-6.853638367326323E-4
-6.853814344030355E-4
-7.088388282684587E-4
-7.088552401972185E-4
-7.31456341907054E-4
-7.314715021654878E-4
-7.53138576126631E-4
-7.531524330486498E-4
-7.738086937502284E-4
-7.738212108226032E-4
-7.933908286305425E-4
-7.934019853386225E-4
-8.118100947201699E-4
-8.118198873474309E-4
-8.289925969016999E-4
-8.290010392815828E-4
-8.448654429552081E-4
-8.448725671739342E-4
-8.593567560842714E-4
-8.593626131336338E-4
-8.723956874915928E-4
-8.724003478711004E-4
-8.839124285808922E-4
-8.839159828490208E-4
-8.938382224511572E-4
-8.93840781725836E-4
-9.021053744365716E-4
-9.021070708453635E-4
-9.086472615196567E-4
-9.086482486003766E-4
-9.133983405065889E-4
-9.133987935593484E-4
-9.162941545588268E-4
-9.162942715134308E-4
-9.172716207635385E-4
-9.172716207635385E-4
% Data (x (m) @ mass_load=0.06)
0
0
8.998446934508333E-4
9.001443996319104E-4
0.0017996644638587505
0.0018002510803290875
0.0026994319728399874
0.002700292292408977
0.0035991236293848477
0.0036002445013623642
0.004498719612322338
0.004500087945146501
0.005398203661523752
0.005399806424942935
0.00629756287182135
0.006299387098779466
0.007196787489573489
0.007198820277812605
0.008095870711960822
0.008098099225354915
0.008994808489087703
0.008997219958721145
0.009893599328952656
0.009896181053956666
0.01079224410534169
0.010794983453501647
0.011690745868688455
0.011693630276834639
0.012589109659935586
0.012592126634129591
0.013487342327422007
0.01349047944295091
0.014385452346811493
0.014388697248001769
0.015283449644068085
0.015286790043931514
0.01618134542147417
0.01618476910119841
0.017079151986677015
0.01708264679497423
0.017976882584739232
0.017980436437067294
0.01887455123315871
0.01887815211083063
0.019772172559813214
0.01977580850901197
0.020669761643775795
0.020673420774493148
0.021567333858938564
0.021571004343857864
0.0224649047203755
0.022468574793719626
0.023362489733369886
0.02336614768973631
0.024260104245028977
0.02426373843823425
0.025157763298408197
0.02516136214036411
0.026055481489069048
0.026059033448711914
0.026953272823999515
0.026956766426292918
0.027851150582832294
0.0278545744078619
0.028749127181304842
0.02875246986348184
0.029647214036914688
0.029650464264302307
0.030545421436734412
0.03054856795050949
0.03144375840736132
0.031446790001420706
0.03234223258698785
0.0323451381077072
0.0332408500995888
0.033243618445739455
0.03413961543123111
0.03414223555405914
0.0350385313085205
0.03504099221199046
0.03593759857920677
0.03593988932041198
0.03683681609497646
0.03683892578471628
0.03773618059646712
0.03773809839999137
0.03863568660054251
0.03863740173846241
0.03953532628987213
0.03953682803923654
0.04043508940486193
0.04043636710039721
0.04133496313798552
0.04133600617349671
0.042234932030567204
0.04223572986049752
0.04313497787206863
0.043135520013213795
0.04403507960170002
0.044035355635174266
0.044935213000413386
0.044935213000413386
% Data (y (m) @ mass_load=0.06)
0
4.9999999999999996E-5
-2.713537324203657E-6
4.728556455237137E-5
-1.0709129623680923E-5
3.928743130960224E-5
-2.3749450012365844E-5
2.624315015745194E-5
-4.1597380894261723E-5
8.390056178033646E-6
-6.401684037337442E-5
-1.4035565059910806E-5
-9.077282518936075E-5
-4.0798518152491194E-5
-1.216314473745263E-4
-7.166473437279802E-5
-1.5635996569901653E-4
-1.0640130296623202E-4
-1.9472681215482835E-4
-1.4477649748025312E-4
-2.3650161372502636E-4
-1.8655979737551093E-4
-2.8145520967928333E-4
-2.3152190516004394E-4
-3.2935966463079787E-4
-2.7943475928215056E-4
-3.799882775833992E-4
-3.3007154301128246E-4
-4.33115587191787E-4
-3.8320668953043837E-4
-4.885173734532873E-4
-4.386158834589637E-4
-5.459706560473213E-4
-4.960760590224793E-4
-6.052536895401569E-4
-5.553653950880439E-4
-6.661459556782512E-4
-6.162633072883988E-4
-7.284281530044851E-4
-6.785504374701559E-4
-7.918821840473388E-4
-7.420086407165333E-4
-8.562911403540381E-4
-8.064209702162303E-4
-9.214392856629455E-4
-8.715716602742534E-4
-9.87112037536707E-4
-9.37246107786699E-4
-0.001053095947803373
-0.0010032308525271514
-0.0011191786821760402
-0.0010693135566155858
-0.0011851489994396736
-0.0011352829835586697
-0.0012507967306048338
-0.0012009289772613018
-0.0013159127584295054
-0.0012660424414105479
-0.0013802889977035434
-0.001330415319626329
-0.0014437183766727137
-0.0013938405767555365
-0.0015059948199533694
-0.0014561121816602026
-0.0015669132332554183
-0.0015170250918168783
-0.0016262694901927734
-0.0015763752400058477
-0.00168386042141955
-0.0016339595233278367
-0.001739483806288185
-0.001689575794743782
-0.001792938367185187
-0.0017430228572927824
-0.0018440237666640363
-0.0017941004611071868
-0.0018925406074625343
-0.0018426093033116098
-0.0019382904354647503
-0.0018883510308655659
-0.001981075745646139
-0.0019311282463878936
-0.002020699991021988
-0.0019707445169827656
-0.002056967594605731
-0.0020070043860735466
-0.002089683964371678
-0.002039713388238761
-0.002118655511206586
-0.0020686780670344184
-0.0021436896698237414
-0.0020937059957761768
-0.002164594922603254
-0.0021146058012449375
-0.002181180826311921
-0.0021311871902691512
-0.0021932580416441933
-0.0021432609791253486
-0.002200638364467023
-0.0021506391263142266
-0.0022031354808962674
-0.0021531354808962673
% Data (u (m) @ mass_load=0.06)
0
0
-1.5530654916661943E-7
1.4439963191040947E-7
-3.3553614124930734E-7
2.510803290874879E-7
-5.680271600127219E-7
2.9229240897700786E-7
-8.763706151523059E-7
2.4450136236411894E-7
-1.2803876776617057E-6
8.794514650142122E-8
-1.7963384762484196E-6
-1.9357505706554704E-7
-2.4371281786501243E-6
-6.129012205332699E-7
-3.2125104265106025E-6
-1.1797221873948548E-6
-4.129288039177984E-6
-1.900774645085453E-6
-5.191510912296432E-6
-2.7800412788538063E-6
-6.400671047343509E-6
-3.818946043333002E-6
-7.755894658310647E-6
-5.016546498353458E-6
-9.25413131154473E-6
-6.3697231653625E-6
-1.0890340064413744E-5
-7.873365870408547E-6
-1.2657672577992343E-5
-9.520557049089499E-6
-1.4547653188507007E-5
-1.1302751998230902E-5
-1.6550355931916054E-5
-1.3209956068485823E-5
-1.865457852582613E-5
-1.5230898801590566E-5
-2.0848013322985667E-5
-1.73532050257726E-5
-2.3117415260767076E-5
-1.9563562932703838E-5
-2.5448766841289914E-5
-2.1847889169366858E-5
-2.7827440186784934E-5
-2.4191490988029065E-5
-3.0238356224203144E-5
-2.6579225506852182E-5
-3.2666141061436514E-5
-2.8995656142137716E-5
-3.509527962450052E-5
-3.1425206280372075E-5
-3.751026663011525E-5
-3.385231026369165E-5
-3.989575497102361E-5
-3.626156176574982E-5
-4.2236701591802504E-5
-3.8637859635892265E-5
-4.4518510930949204E-5
-4.0966551288084844E-5
-4.672717600048656E-5
-4.3233573707081405E-5
-4.8849417167703294E-5
-4.5425592138097994E-5
-5.0872818695156926E-5
-4.753013651815787E-5
-5.278596308531119E-5
-4.953573569769316E-5
-5.4578563265589605E-5
-5.143204949051318E-5
-5.6241592638680154E-5
-5.320999857929521E-5
-5.7767413012148256E-5
-5.486189229280062E-5
-5.914990041120027E-5
-5.6381554260539945E-5
-6.038456876888894E-5
-5.776444594086508E-5
-6.146869147950198E-5
-5.90077880095405E-5
-6.240142079323335E-5
-6.0110679588023055E-5
-6.318390502354407E-5
-6.107421528372443E-5
-6.381940353288283E-5
-6.190160000862884E-5
-6.43133994574897E-5
-6.259826153759048E-5
-6.467371012786689E-5
-6.31719607634586E-5
-6.49105951380738E-5
-6.363289960278762E-5
-6.50368620144758E-5
-6.399382650328715E-5
-6.506796943279121E-5
-6.427013950247991E-5
-6.502212793136891E-5
-6.447998678620462E-5
-6.49203982999805E-5
-6.4644364825732E-5
-6.478699958661E-5
-6.478699958661E-5
% Data (v (m) @ mass_load=0.06)
0
0
-2.713537324203657E-6
-2.7144354476286274E-6
-1.0709129623680923E-5
-1.071256869039775E-5
-2.3749450012365844E-5
-2.3756849842548057E-5
-4.1597380894261723E-5
-4.160994382196635E-5
-6.401684037337442E-5
-6.40355650599108E-5
-9.077282518936075E-5
-9.079851815249119E-5
-1.216314473745263E-4
-1.2166473437279801E-4
-1.5635996569901653E-4
-1.56401302966232E-4
-1.9472681215482835E-4
-1.947764974802531E-4
-2.3650161372502636E-4
-2.3655979737551093E-4
-2.8145520967928333E-4
-2.8152190516004394E-4
-3.2935966463079787E-4
-3.2943475928215053E-4
-3.799882775833992E-4
-3.800715430112824E-4
-4.33115587191787E-4
-4.3320668953043833E-4
-4.885173734532873E-4
-4.886158834589637E-4
-5.459706560473213E-4
-5.460760590224793E-4
-6.052536895401569E-4
-6.05365395088044E-4
-6.661459556782512E-4
-6.662633072883988E-4
-7.284281530044851E-4
-7.285504374701559E-4
-7.918821840473388E-4
-7.920086407165333E-4
-8.562911403540381E-4
-8.564209702162304E-4
-9.214392856629455E-4
-9.215716602742534E-4
-9.87112037536707E-4
-9.87246107786699E-4
-0.001053095947803373
-0.0010532308525271514
-0.0011191786821760402
-0.0011193135566155857
-0.0011851489994396736
-0.0011852829835586696
-0.0012507967306048338
-0.0012509289772613017
-0.0013159127584295054
-0.0013160424414105478
-0.0013802889977035434
-0.001380415319626329
-0.0014437183766727137
-0.0014438405767555364
-0.0015059948199533694
-0.0015061121816602025
-0.0015669132332554183
-0.0015670250918168782
-0.0016262694901927734
-0.0016263752400058477
-0.00168386042141955
-0.0016839595233278366
-0.001739483806288185
-0.001739575794743782
-0.001792938367185187
-0.0017930228572927824
-0.0018440237666640363
-0.0018441004611071867
-0.0018925406074625343
-0.0018926093033116097
-0.0019382904354647503
-0.0019383510308655658
-0.001981075745646139
-0.0019811282463878936
-0.002020699991021988
-0.0020207445169827657
-0.002056967594605731
-0.0020570043860735467
-0.002089683964371678
-0.002089713388238761
-0.002118655511206586
-0.0021186780670344185
-0.0021436896698237414
-0.002143705995776177
-0.002164594922603254
-0.0021646058012449376
-0.002181180826311921
-0.0021811871902691514
-0.0021932580416441933
-0.0021932609791253488
-0.002200638364467023
-0.0022006391263142268
-0.0022031354808962674
-0.0022031354808962674
% Data (x (m) @ mass_load=0.2)
0
0
8.995160122956065E-4
9.003910448237096E-4
0.0017987827572394342
0.0018004966912858558
0.002697564739456821
0.0027000799742502753
0.0035956587493115627
0.003598937638628573
0.004492892974207798
0.004496897884525303
0.005389125408787731
0.005393818769755982
0.006284242256043766
0.006289586603632324
0.007178156325939671
0.007184114338678585
0.00807080543777258
0.00807733996651378
0.008962150831554397
0.00896922492317735
0.009852175592805993
0.009859752508287113
0.010740883094340504
0.01074892632159835
0.011628295457861914
0.011636768719780512
0.012514452037519335
0.012523319295540753
0.013399407926932262
0.013408633380597544
0.014283232490632061
0.014292780573437896
0.015166007920345633
0.015175843292272919
0.016047827816071177
0.016057915353132318
0.016928795791459766
0.016939100572603883
0.01780902410261613
0.017819511394325947
0.018688632299065238
0.018699267537976374
0.01956774589529911
0.019578494669171182
0.02044649506102363
0.020457323088392956
0.021325013327971598
0.02133588643681626
0.02220343631094241
0.022214320416692003
0.023081900440577008
0.023092761523799646
0.02396054170528489
0.023971345789383494
0.024839494399710563
0.02485020752895829
0.02571888987716273
0.02572947809540329
0.026598855303531208
0.0266092846338636
0.02747951241037664
0.027489748836137175
0.02836097624509485
0.028370985692440526
0.029243353916320314
0.029253102238710155
0.030126743333036134
0.030136196297898696
0.031011231936193193
0.03102035521406227
0.03189689542199911
0.03190565457839515
0.03278379645642144
0.0327921569467524
0.033671983380849806
0.03367991054860456
0.034561488909282526
0.03456894798778992
0.03545232881784427
0.03545928493587306
0.03634450062790628
0.03635091881938319
0.03723798228457268
0.03724382750269864
0.038132730832821135
0.03813796796886622
0.03902868109414133
0.03903327500119977
0.03992574434710522
0.03992965986908968
0.04082380701592889
0.040827009022078475
0.041722729371744885
0.041725182796914076
0.0426223442519939
0.042624014142979234
0.04352245580352186
0.043523307371599484
0.04442283760042349
0.04442283760042349
% Data (y (m) @ mass_load=0.2)
0
4.9999999999999996E-5
-7.91792211008897E-6
4.2074421311469006E-5
-3.126441441427639E-5
1.87062080525882E-5
-6.93667379466861E-5
-1.9430035362250002E-5
-1.2154847430970285E-4
-7.165609462989098E-5
-1.8713287574657913E-4
-1.3729352025734768E-4
-2.654438442133929E-4
-2.1566460130248105E-4
-3.5580677316228687E-4
-3.0609320747566025E-4
-4.575492614186545E-4
-4.0790550296129205E-4
-5.700017067552097E-4
-5.204305396171021E-4
-6.924977867848032E-4
-6.430007372242099E-4
-8.243748347449118E-4
-7.749522584082951E-4
-9.649741176397299E-4
-9.156252857413713E-4
-0.001113641024051918
-0.0010643642083761312
-0.0012697251687487732
-0.0012205177253740334
-0.0014325804209985825
-0.0013834388726760433
-0.001601564863300266
-0.0015524849804493433
-0.0017760406870217676
-0.0017270175673330084
-0.0019553740312593364
-0.0019064021779200675
-0.0021389347710772644
-0.002090008169658657
-0.002326096261170014
-0.0022772084552354246
-0.0025162350409147285
-0.0024673792064285947
-0.0027087305067440806
-0.0026598995253779806
-0.002902964557762268
-0.002854151089210064
-0.0030983212205424235
-0.0030495177739691603
-0.0032941862590684795
-0.003245385263827746
-0.003489946775803791
-0.0034411406515650737
-0.003684990809867951
-0.00363617203629894
-0.0038787069382817895
-0.0038298681244304782
-0.0040704838861859325
-0.004021617839703586
-0.004259710151846027
-0.004210809948184741
-0.004445773652143089
-0.004396832703851289
-0.004628061394109626
-0.00457907352033533
-0.004805959177924046
-0.004756918674220068
-0.004978851336635839
-0.004929753045143197
-0.005146120517758695
-0.0050969598978251535
-0.005307147511777875
-0.005257920711047947
-0.005461311132539449
-0.00541201505853023
-0.005607988154452175
-0.005558620546606616
-0.00574655331142774
-0.005697112813612954
-0.00587637936250489
-0.005826865595897964
-0.005996837229142748
-0.005947250865419933
-0.006107296209214638
-0.006057639043931642
-0.006207124272763515
-0.006157399298784625
-0.006295688444594175
-0.006245899925396162
-0.006372355278768171
-0.006322508821411277
-0.0064364914300061565
-0.006386594057528721
-0.006487464326895836
-0.006437524549851807
-0.00652464295164633
-0.006474670838465732
-0.0065473987270118425
-0.006497405978433174
-0.00655510871156636
-0.00650510871156636
% Data (u (m) @ mass_load=0.2)
0
0
-4.839877043933943E-7
3.91044823709568E-7
-1.2172427605656978E-6
4.966912858557314E-7
-2.435260543179534E-6
7.997425027531881E-8
-4.34125068843737E-6
-1.0623613714268607E-6
-7.107025792202108E-6
-3.102115474696005E-6
-1.087459121226953E-5
-6.181230244018659E-6
-1.5757743956234594E-5
-1.0413396367676735E-5
-2.1843674060328513E-5
-1.588566132141473E-5
-2.9194562227419425E-5
-2.266003348621904E-5
-3.7849168445603104E-5
-3.077507682264921E-5
-4.782440719400649E-5
-4.024749171288632E-5
-5.911690565949626E-5
-5.1073678401651726E-5
-7.170454213808681E-5
-6.3231280219489E-5
-8.554796248066452E-5
-7.668070445924729E-5
-1.0059207306773714E-4
-9.13666194024561E-5
-1.1676750936793854E-4
-1.0721942656210295E-4
-1.3399207965436764E-4
-1.2415670772708234E-4
-1.521721839288215E-4
-1.4208464686768139E-4
-1.7120420854023586E-4
-1.6089942739611602E-4
-1.9097589738386784E-4
-1.8048860567405168E-4
-2.1136770093476304E-4
-2.0073246202362724E-4
-2.3225410470088874E-4
-2.215053308288148E-4
-2.535049389763691E-4
-2.4267691160704562E-4
-2.749866720284023E-4
-2.641135631837425E-4
-2.965636890575878E-4
-2.856795833079962E-4
-3.180995594229932E-4
-3.0723847620035415E-4
-3.3945829471511175E-4
-3.286542106165075E-4
-3.6050560028943817E-4
-3.497924710417113E-4
-3.811101228372685E-4
-3.705219045967092E-4
-4.011446964687928E-4
-3.9071536613639906E-4
-4.2048758962335767E-4
-4.1025116386282276E-4
-4.3902375490514754E-4
-4.2901430755947433E-4
-4.566460836796863E-4
-4.468977612898438E-4
-4.732566669638664E-4
-4.638037021013054E-4
-4.887680638068088E-4
-4.796447859377286E-4
-5.031045780008849E-4
-4.943454216048454E-4
-5.162035435785548E-4
-5.078430532475945E-4
-5.280166191501942E-4
-5.200894513954451E-4
-5.385110907174747E-4
-5.310520122100796E-4
-5.476711821557273E-4
-5.407150641269387E-4
-5.554993720937243E-4
-5.490811806168098E-4
-5.620177154273221E-4
-5.561724973013624E-4
-5.672691671788643E-4
-5.620320311337805E-4
-5.713189058586673E-4
-5.667249988002244E-4
-5.742556528947858E-4
-5.703401309103166E-4
-5.761929840711096E-4
-5.729909779215266E-4
-5.772706282551099E-4
-5.748172030859187E-4
-5.776557480061071E-4
-5.759858570207686E-4
-5.775441964781401E-4
-5.766926284005144E-4
-5.771623995765118E-4
-5.771623995765118E-4
% Data (v (m) @ mass_load=0.2)
0
0
-7.91792211008897E-6
-7.925578688530988E-6
-3.126441441427639E-5
-3.12937919474118E-5
-6.93667379466861E-5
-6.943003536225E-5
-1.2154847430970285E-4
-1.2165609462989097E-4
-1.8713287574657913E-4
-1.8729352025734767E-4
-2.654438442133929E-4
-2.6566460130248104E-4
-3.5580677316228687E-4
-3.560932074756602E-4
-4.575492614186545E-4
-4.5790550296129207E-4
-5.700017067552097E-4
-5.704305396171021E-4
-6.924977867848032E-4
-6.930007372242099E-4
-8.243748347449118E-4
-8.249522584082951E-4
-9.649741176397299E-4
-9.656252857413713E-4
-0.001113641024051918
-0.001114364208376131
-0.0012697251687487732
-0.0012705177253740333
-0.0014325804209985825
-0.0014334388726760432
-0.001601564863300266
-0.0016024849804493432
-0.0017760406870217676
-0.0017770175673330084
-0.0019553740312593364
-0.0019564021779200674
-0.0021389347710772644
-0.002140008169658657
-0.002326096261170014
-0.0023272084552354248
-0.0025162350409147285
-0.002517379206428595
-0.0027087305067440806
-0.0027098995253779807
-0.002902964557762268
-0.002904151089210064
-0.0030983212205424235
-0.0030995177739691604
-0.0032941862590684795
-0.003295385263827746
-0.003489946775803791
-0.003491140651565074
-0.003684990809867951
-0.00368617203629894
-0.0038787069382817895
-0.0038798681244304784
-0.0040704838861859325
-0.004071617839703586
-0.004259710151846027
-0.004260809948184741
-0.004445773652143089
-0.004446832703851288
-0.004628061394109626
-0.0046290735203353296
-0.004805959177924046
-0.004806918674220068
-0.004978851336635839
-0.004979753045143196
-0.005146120517758695
-0.005146959897825153
-0.005307147511777875
-0.005307920711047947
-0.005461311132539449
-0.00546201505853023
-0.005607988154452175
-0.005608620546606616
-0.00574655331142774
-0.0057471128136129535
-0.00587637936250489
-0.005876865595897964
-0.005996837229142748
-0.005997250865419933
-0.006107296209214638
-0.006107639043931642
-0.006207124272763515
-0.006207399298784624
-0.006295688444594175
-0.006295899925396161
-0.006372355278768171
-0.0063725088214112765
-0.0064364914300061565
-0.006436594057528721
-0.006487464326895836
-0.006487524549851807
-0.00652464295164633
-0.0065246708384657315
-0.0065473987270118425
-0.006547405978433174
-0.00655510871156636
-0.00655510871156636
