% Coordinates
0                         0
0                         4.9999999999999996E-5
9.0E-4                    0
9.0E-4                    4.9999999999999996E-5
0.0018                    0
0.0018                    4.9999999999999996E-5
0.0027                    0
0.0027                    4.9999999999999996E-5
0.0036                    0
0.0036                    4.9999999999999996E-5
0.0045                    0
0.0045                    4.9999999999999996E-5
0.0054                    0
0.0054                    4.9999999999999996E-5
0.0063                    0
0.0063                    4.9999999999999996E-5
0.0072                    0
0.0072                    4.9999999999999996E-5
0.0081                    0
0.0081                    4.9999999999999996E-5
0.009                     0
0.009                     4.9999999999999996E-5
0.009899999999999999      0
0.009899999999999999      4.9999999999999996E-5
0.0108                    0
0.0108                    4.9999999999999996E-5
0.0117                    0
0.0117                    4.9999999999999996E-5
0.0126                    0
0.0126                    4.9999999999999996E-5
0.0135                    0
0.0135                    4.9999999999999996E-5
0.0144                    0
0.0144                    4.9999999999999996E-5
0.015300000000000001      0
0.015300000000000001      4.9999999999999996E-5
0.0162                    0
0.0162                    4.9999999999999996E-5
0.0171                    0
0.0171                    4.9999999999999996E-5
0.018                     0
0.018                     4.9999999999999996E-5
0.0189                    0
0.0189                    4.9999999999999996E-5
0.019799999999999998      0
0.019799999999999998      4.9999999999999996E-5
0.0207                    0
0.0207                    4.9999999999999996E-5
0.0216                    0
0.0216                    4.9999999999999996E-5
0.0225                    0
0.0225                    4.9999999999999996E-5
0.0234                    0
0.0234                    4.9999999999999996E-5
0.024300000000000002      0
0.024300000000000002      4.9999999999999996E-5
0.0252                    0
0.0252                    4.9999999999999996E-5
0.026099999999999998      0
0.026099999999999998      4.9999999999999996E-5
0.027                     0
0.027                     4.9999999999999996E-5
0.027899999999999998      0
0.027899999999999998      4.9999999999999996E-5
0.0288                    0
0.0288                    4.9999999999999996E-5
0.0297                    0
0.0297                    4.9999999999999996E-5
0.030600000000000002      0
0.030600000000000002      4.9999999999999996E-5
0.0315                    0
0.0315                    4.9999999999999996E-5
0.0324                    0
0.0324                    4.9999999999999996E-5
0.033299999999999996      0
0.033299999999999996      4.9999999999999996E-5
0.0342                    0
0.0342                    4.9999999999999996E-5
0.0351                    0
0.0351                    4.9999999999999996E-5
0.036                     0
0.036                     4.9999999999999996E-5
0.0369                    0
0.0369                    4.9999999999999996E-5
0.0378                    0
0.0378                    4.9999999999999996E-5
0.0387                    0
0.0387                    4.9999999999999996E-5
0.039599999999999996      0
0.039599999999999996      4.9999999999999996E-5
0.0405                    0
0.0405                    4.9999999999999996E-5
0.0414                    0
0.0414                    4.9999999999999996E-5
0.0423                    0
0.0423                    4.9999999999999996E-5
0.0432                    0
0.0432                    4.9999999999999996E-5
0.0441                    0
0.0441                    4.9999999999999996E-5
0.045                     0
0.045                     4.9999999999999996E-5
% Elements (points)
1
2
3
4
5
6
7
8
9
10
11
12
13
14
15
16
17
18
19
20
21
22
23
24
25
26
27
28
29
30
31
32
33
34
35
36
37
38
39
40
41
42
43
44
45
46
47
48
49
50
51
52
53
54
55
56
57
58
59
60
61
62
63
64
65
66
67
68
69
70
71
72
73
74
75
76
77
78
79
80
81
82
83
84
85
86
87
88
89
90
91
92
93
94
95
96
97
98
99
100
101
102
% Data (x (m) @ mass_load=0)
0
0
8.999627224957833E-4
9.000366152050494E-4
0.0017999249615526366
0.0018000698943240218
0.0026998850417657453
0.002700098107966171
0.0035998414456648595
0.00360011979910023
0.004499792856264139
0.004500133711255776
0.005399738142774028
0.005400138774188329
0.006299676346949729
0.006300134090224408
0.007199606670032471
0.007200118921199821
0.00809952846027056
0.008100092675978162
0.008999441201007222
0.00900005489853646
0.009899344499322161
0.0099000052566049
0.010799238075213763
0.010799943530847522
0.011699121751308833
0.011699869604570694
0.012598995443086765
0.01259978345394633
0.013498859149604995
0.013499685138736563
0.014398712944712597
0.0143995747935068
0.015298556968738919
0.015299452619313947
0.016198391420644043
0.01619931887585662
0.01709821655061803
0.01709917387407423
0.01799803265311569
0.017999017969181647
0.018897840060313875
0.018898851554126482
0.019797639135978005
0.019798675053455575
0.020697430269724912
0.020698488917577758
0.021597213871668686
0.021598293617409614
0.02249699036743653
0.022498089639391147
0.023396760193541526
0.023397877480858247
0.02429652379309909
0.02429765764575874
0.025196281611874177
0.025197430640698983
0.026096034094645996
0.026097196971307874
0.02699578168187721
0.02699695713890506
0.027895524806674458
0.027896711637460325
0.028795263892027117
0.028796460950831004
0.029694999348311102
0.029696205550264174
0.030594731571044635
0.030595945892150627
0.03149446093888272
0.03149568241601733
0.032394187811837206
0.032395415542745276
0.033293912529709105
0.033295145672999425
0.03419363541072013
0.034194873185857615
0.03509335675032986
0.03509459843762512
0.03599307682022542
0.03599432176082167
0.03689279586747033
0.03689404346332746
0.037792514113799046
0.03779376382767492
0.03869223175504401
0.038693483110473006
0.03959194896068148
0.039593201541950444
0.04049166587348299
0.040492919325604705
0.04139138260925868
0.04139263663794321
0.04229109925667937
0.04229235362830333
0.04319081587716356
0.04319207041873778
0.044090532504815004
0.04409178710395132
0.04499024914640627
0.04499150375127922
% Data (y (m) @ mass_load=0)
0
4.9999999999999996E-5
-6.686893101911419E-7
4.9331256102930474E-5
-2.642469696359656E-6
4.7357320732128614E-5
-5.868676257005886E-6
4.413087024491821E-5
-1.0295539076178425E-5
3.970368658071979E-5
-1.587237662135434E-5
3.412646200752877E-5
-2.2549596522214112E-5
2.744879885591195E-5
-3.0278696089684202E-5
1.971920903326988E-5
-3.901226277714641E-5
1.0985113595211488E-5
-4.870397459151644E-5
1.2928423663362038E-6
-5.9308600461251896E-5
-9.312366396638549E-6
-7.078200056785517E-5
-2.0786366305971924E-5
-8.308112664687272E-5
-3.3086103114218635E-5
-9.616402226375139E-5
-4.6169614961134314E-5
-1.0998982306937465E-4
-5.999603260099074E-5
-1.2451875703966032E-4
-7.452557961468316E-5
-1.397121447030565E-4
-8.971957261046662E-5
-1.5553239935902464E-4
-1.0554042141641034E-4
-1.7194302729035984E-4
-1.219516292674207E-4
-1.8890862797143112E-4
-1.389177929889145E-4
-2.0639489427379877E-4
-1.5640460317860018E-4
-2.2436861267040404E-4
-1.7437884438756214E-4
-2.4279766343895116E-4
-1.9280839530126713E-4
-2.6165102086400573E-4
-2.1166222892001632E-4
-2.808987534372825E-4
-2.3091041273831607E-4
-3.0051202405492685E-4
-2.505241089219727E-4
-3.204630902104E-4
-2.70475574481517E-4
-3.407253041803799E-4
-2.9073816143937654E-4
-3.6127311320159627E-4
-3.1128631698870734E-4
-3.820820596350744E-4
-3.3209558364036555E-4
-4.031287811150031E-4
-3.5314259935523024E-4
-4.243910106781089E-4
-3.7440509765776194E-4
-4.45847576870179E-4
-3.9586190772744145E-4
-4.674784038258086E-4
-4.174929544641608E-4
-4.892645113170986E-4
-4.3927925852329727E-4
-5.111880147674123E-4
-4.612029363165788E-4
-5.332321252271133E-4
-4.832471999756643E-4
-5.553811493075339E-4
-5.053963572746871E-4
-5.776204890688822E-4
-5.276358115074754E-4
-5.999366418614095E-4
-5.499520613187704E-4
-6.223172001184115E-4
-5.723327004880197E-4
-6.447508510992767E-4
-5.947664176639559E-4
-6.672273765816784E-4
-6.172429960490602E-4
-6.897376525032902E-4
-6.397533130342961E-4
-7.122736485553873E-4
-6.622893397864717E-4
-7.348284277301181E-4
-6.848441407900179E-4
-7.573961458254627E-4
-7.074118733472049E-4
-7.799720509129426E-4
-7.299877870418518E-4
-8.025524827709456E-4
-7.525682231694006E-4
-8.251348722852035E-4
-7.751506141428419E-4
-8.477177408554416E-4
-7.977334828563798E-4
% Data (u (m) @ mass_load=0)
0
0
-3.7277504216697027E-8
3.661520504944034E-8
-7.503844736337276E-8
6.989432402187636E-8
-1.149582342550124E-7
9.810796617067861E-8
-1.5855433514017678E-7
1.1979910023020047E-7
-2.0714373586045681E-7
1.3371125577665007E-7
-2.618572259724948E-7
1.387741883289572E-7
-3.236530502707771E-7
1.3409022440792548E-7
-3.933299675287857E-7
1.1892119982197868E-7
-4.7153972943971383E-7
9.267597816329517E-8
-5.587989927778352E-7
5.4898536460214625E-8
-6.555006778386273E-7
5.25660490190289E-9
-7.619247862377835E-7
-5.646915247957584E-8
-8.782486911676492E-7
-1.3039542930583895E-7
-1.0045569132345552E-6
-2.165460536696814E-7
-1.1408503950052176E-6
-3.148612634367974E-7
-1.2870552874022348E-6
-4.252064931990927E-7
-1.4430312610830495E-6
-5.473806860543127E-7
-1.6085793559571683E-6
-6.81124143378399E-7
-1.7834493819722454E-6
-8.261259257728045E-7
-1.967346884307889E-6
-9.820308183505557E-7
-2.1599396861260474E-6
-1.1484458735169204E-6
-2.3608640219928835E-6
-1.324946544423766E-6
-2.5697302750869187E-6
-1.5110824222411757E-6
-2.786128331316873E-6
-1.7063825903885779E-6
-3.0096325634701435E-6
-1.910360608851713E-6
-3.239806458476028E-6
-2.1225191417533095E-6
-3.476206900910122E-6
-2.34235424126316E-6
-3.7183881258217374E-6
-2.5693593010161673E-6
-3.965905354001026E-6
-2.8030286921248882E-6
-4.2183181227883965E-6
-3.04286109494084E-6
-4.475193325538878E-6
-3.2883625396719045E-6
-4.7361079728814945E-6
-3.539049168995399E-6
-5.000651688897282E-6
-3.7944497358252648E-6
-5.268428955368545E-6
-4.0541078493736295E-6
-5.539061117277212E-6
-4.31758398267193E-6
-5.812188162794709E-6
-4.584457254723471E-6
-6.087470290892831E-6
-4.854327000569377E-6
-6.364589279867427E-6
-5.126814142387528E-6
-6.643249670140197E-6
-5.401562374881056E-6
-6.923179774576198E-6
-5.678239178327751E-6
-7.204132529674019E-6
-5.956536672539623E-6
-7.485886200954344E-6
-6.236172325074595E-6
-7.76824495599057E-6
-6.516889526991251E-6
-8.051039318518659E-6
-6.798458049553882E-6
-8.334126517014288E-6
-7.0806743952988826E-6
-8.61739074131328E-6
-7.363362056793249E-6
-8.900743320625495E-6
-7.646371696668852E-6
-9.184122836446234E-6
-7.92958126222021E-6
-9.467495184996866E-6
-8.212896048681504E-6
-9.750853593727283E-6
-8.496248720777512E-6
% Data (v (m) @ mass_load=0)
0
0
-6.686893101911419E-7
-6.687438970695211E-7
-2.642469696359656E-6
-2.642679267871383E-6
-5.868676257005886E-6
-5.869129755081787E-6
-1.0295539076178425E-5
-1.0296313419280207E-5
-1.587237662135434E-5
-1.5873537992471226E-5
-2.2549596522214112E-5
-2.2551201144088044E-5
-3.0278696089684202E-5
-3.0280790966730116E-5
-3.901226277714641E-5
-3.901488640478851E-5
-4.870397459151644E-5
-4.870715763366379E-5
-5.9308600461251896E-5
-5.9312366396638545E-5
-7.078200056785517E-5
-7.078636630597192E-5
-8.308112664687272E-5
-8.308610311421863E-5
-9.616402226375139E-5
-9.616961496113431E-5
-1.0998982306937465E-4
-1.0999603260099074E-4
-1.2451875703966032E-4
-1.2452557961468316E-4
-1.397121447030565E-4
-1.3971957261046662E-4
-1.5553239935902464E-4
-1.5554042141641033E-4
-1.7194302729035984E-4
-1.719516292674207E-4
-1.8890862797143112E-4
-1.889177929889145E-4
-2.0639489427379877E-4
-2.0640460317860018E-4
-2.2436861267040404E-4
-2.2437884438756213E-4
-2.4279766343895116E-4
-2.4280839530126713E-4
-2.6165102086400573E-4
-2.616622289200163E-4
-2.808987534372825E-4
-2.8091041273831606E-4
-3.0051202405492685E-4
-3.005241089219727E-4
-3.204630902104E-4
-3.20475574481517E-4
-3.407253041803799E-4
-3.4073816143937656E-4
-3.6127311320159627E-4
-3.6128631698870736E-4
-3.820820596350744E-4
-3.820955836403656E-4
-4.031287811150031E-4
-4.031425993552302E-4
-4.243910106781089E-4
-4.2440509765776196E-4
-4.45847576870179E-4
-4.458619077274414E-4
-4.674784038258086E-4
-4.6749295446416077E-4
-4.892645113170986E-4
-4.892792585232973E-4
-5.111880147674123E-4
-5.112029363165788E-4
-5.332321252271133E-4
-5.332471999756643E-4
-5.553811493075339E-4
-5.553963572746871E-4
-5.776204890688822E-4
-5.776358115074754E-4
-5.999366418614095E-4
-5.999520613187704E-4
-6.223172001184115E-4
-6.223327004880198E-4
-6.447508510992767E-4
-6.447664176639559E-4
-6.672273765816784E-4
-6.672429960490603E-4
-6.897376525032902E-4
-6.897533130342962E-4
-7.122736485553873E-4
-7.122893397864717E-4
-7.348284277301181E-4
-7.348441407900179E-4
-7.573961458254627E-4
-7.574118733472049E-4
-7.799720509129426E-4
-7.799877870418518E-4
-8.025524827709456E-4
-8.025682231694006E-4
-8.251348722852035E-4
-8.251506141428419E-4
-8.477177408554416E-4
-8.477334828563798E-4
% Data (x (m) @ mass_load=0.001)
0
0
8.999595858628287E-4
9.000396370124965E-4
0.0017999184360324076
0.0018000755237212163
0.0026998745770171447
0.002700105623179937
0.0035998262207413137
0.0036001282078241175
0.0044997718102142694
0.004500141781342595
0.005399710003636761
0.005400145062755237
0.006299639659171806
0.006300136971197571
0.0071995598203336035
0.007200116611321175
0.008099469701981546
0.008100083259297028
0.008999368676906882
0.009000036349409539
0.009899256263000035
0.009899975461229433
0.010799132110986891
0.010799900307353939
0.011698995992722536
0.011699810721702977
0.012598847790031228
0.012599706648360168
0.013498687484081262
0.01349958813094755
0.014398515145283643
0.014399455302522894
0.015298330923703347
0.015299308375988533
0.016198135039971945
0.016199147635000462
0.017097927776690388
0.017098973425366513
0.01799770947031052
0.017998786146922175
0.018897480503484013
0.018898586245872647
0.01979724129786709
0.019798374207589474
0.020696992307369495
0.02069815054985015
0.021596734011835796
0.021597915816508762
0.022496466911147213
0.022497670571585738
0.02339619151973178
0.023397415393764567
0.024295908361470588
0.024297150871283108
0.0251956179649876
0.025196877597207106
0.02609532085931027
0.026096596165073153
0.026995017569888015
0.026996307164888163
0.027894708614955282
0.027896011179472255
0.028794394502225717
0.028795708781131676
0.02969407572590357
0.029695400528648004
0.03059375276399838
0.030595086964569838
0.03149342607592853
0.03149476861279275
0.03239309610039906
0.03239444597641321
0.033292763253538846
0.0332941195358416
0.034192427927282075
0.03419378974715971
0.03509209048797858
0.03509345704070742
0.0359917512752177
0.03599312181988336
0.03689141060084983
0.036892784460144115
0.03779106874818988
0.037792445308186415
0.03869072597138691
0.0386921046812967
0.03959038249494388
0.039591762866852204
0.040490038513371636
0.040491420121958124
0.04138969419096128
0.04139107667320479
0.042289349661658995
0.0422907327165296
0.043189005029027755
0.04319038841716777
0.044088660366277545
0.044090043909675344
0.0449883157163629
0.04498969929801955
% Data (y (m) @ mass_load=0.001)
0
4.9999999999999996E-5
-7.242996298264478E-7
4.927563630368643E-5
-2.863145184198029E-6
4.7136608560845194E-5
-6.360802602697274E-6
4.363866407170375E-5
-1.1162417590199774E-5
3.883667092972118E-5
-1.7214226291313495E-5
3.2784405383684876E-5
-2.4463557883976208E-5
2.5534549785989114E-5
-3.285883723756079E-5
1.7138689969171374E-5
-4.234958779748573E-5
7.647312395210852E-6
-5.288643465659744E-5
-2.8901988826443835E-6
-6.44211077763429E-5
-1.4425565408513911E-5
-7.690644532369246E-5
-2.6911617628924608E-5
-9.029639709282541E-5
-4.030229828325142E-5
-1.0454602798332274E-4
-5.455266585129335E-5
-1.1961152150927724E-4
-6.9618898032389E-5
-1.3545018331599708E-4
-8.545829523274432E-5
-1.5202044468268504E-4
-1.0202928403935541E-4
-1.6928186599070457E-4
-1.1929142066013834E-4
-1.8719514013785618E-4
-1.372053943106928E-4
-2.057220958791385E-4
-1.557330305281789E-4
-2.2482570107460105E-4
-1.748372943929186E-4
-2.4447006582373583E-4
-1.9448229363717477E-4
-2.6462044546493146E-4
-2.1463328161963757E-4
-2.852432434176173E-4
-2.352566601432537E-4
-3.0630601384384513E-4
-2.563199820931533E-4
-3.277774641050148E-4
-2.777919538703897E-4
-3.4962745698868645E-4
-2.9964243759644414E-4
-3.7182701267941576E-4
-3.218424530624412E-4
-3.943483104482553E-4
-3.4436417939773256E-4
-4.171646900363998E-4
-3.6718095643333557E-4
-4.402506527081331E-4
-3.9026728573540064E-4
-4.63581861950713E-4
-4.1359883128635675E-4
-4.8713514380065663E-4
-4.371524197932114E-4
-5.108884867788573E-4
-4.609060406054543E-4
-5.348210414178794E-4
-4.8483884522591944E-4
-5.589131193692651E-4
-5.089311464024605E-4
-5.831461920824967E-4
-5.331644167920948E-4
-6.075028890509339E-4
-5.575212871929495E-4
-6.319669956238747E-4
-5.819855443431709E-4
-6.565234503888339E-4
-6.065421282909019E-4
-6.811583421313359E-4
-6.311771293426325E-4
-7.058589063840824E-4
-6.558777846017949E-4
-7.30613521582925E-4
-6.806324741150359E-4
-7.554117048500847E-4
-7.054307166466137E-4
-7.802441074276449E-4
-7.302631651039473E-4
-8.05102509791411E-4
-7.551216016444107E-4
-8.299798164752744E-4
-7.799989324935078E-4
-8.548700506427325E-4
-8.048891825110787E-4
-8.797683484430865E-4
-8.297874895430435E-4
-9.04670953179898E-4
-8.546900986047371E-4
-9.295752094785878E-4
-8.795943559627859E-4
% Data (u (m) @ mass_load=0.001)
0
0
-4.041413717129701E-8
3.963701249653473E-8
-8.156396759222302E-8
7.552372121634173E-8
-1.2542298285562534E-7
1.0562317993680144E-7
-1.73779258686075E-7
1.2820782411761339E-7
-2.281897857299595E-7
1.4178134259531237E-7
-2.8999636323859824E-7
1.4506275523710664E-7
-3.6034082819458157E-7
1.3697119757067025E-7
-4.401796663965208E-7
1.1661132117532016E-7
-5.302980184538501E-7
8.325929702820171E-8
-6.313230931180974E-7
3.6349409539613554E-8
-7.43736999963116E-7
-2.4538770566608408E-8
-8.67889013110379E-7
-9.969264606136205E-8
-1.0040072774639744E-6
-1.892782970233352E-7
-1.1522099687724713E-6
-2.9335163983165954E-7
-1.31251591873861E-6
-4.118690524509439E-7
-1.48485471635596E-6
-5.446974771061041E-7
-1.6690762966536905E-6
-6.916240114677544E-7
-1.8649600280541686E-6
-8.523649995375507E-7
-2.072223309613016E-6
-1.0265746334875063E-6
-2.2905296894798373E-6
-1.213853077823863E-6
-2.5194965159878343E-6
-1.4137541273538017E-6
-2.7587021329077394E-6
-1.6257924105247286E-6
-3.007692630504474E-6
-1.849450149849395E-6
-3.265988164204051E-6
-2.084183491240704E-6
-3.5330888527873645E-6
-2.3294284142624778E-6
-3.8084802682236095E-6
-2.584606235433972E-6
-4.091638529414691E-6
-2.849128716895084E-6
-4.382035012399008E-6
-3.122402792894802E-6
-4.679140689727209E-6
-3.4038349268464385E-6
-4.982430111986023E-6
-3.6928351118368512E-6
-5.291385044717579E-6
-3.988820527743164E-6
-5.605497774282148E-6
-4.291218868324265E-6
-5.924274096428993E-6
-4.5994713519975114E-6
-6.24723600162107E-6
-4.9130354301652165E-6
-6.57392407146925E-6
-5.23138720724472E-6
-6.903899600939306E-6
-5.554023586787272E-6
-7.236746461149359E-6
-5.88046415840073E-6
-7.572072717925016E-6
-6.210252840291628E-6
-7.909512021419441E-6
-6.542959292577786E-6
-8.248724782298908E-6
-6.8781801166357685E-6
-8.589399150173776E-6
-7.215539855887723E-6
-8.931251810120832E-6
-7.554691813583598E-6
-9.274028613089328E-6
-7.895318703301937E-6
-9.617505056116943E-6
-8.237133147789653E-6
-9.96148662836556E-6
-8.57987804187383E-6
-1.0305809038722474E-5
-8.9233267952109E-6
-1.0650338341004874E-5
-9.267283470400498E-6
-1.0994970972248329E-5
-9.611582832230337E-6
-1.1339633722454061E-5
-9.956090324654475E-6
-1.1684283637097306E-5
-1.0300701980452763E-5
% Data (v (m) @ mass_load=0.001)
0
0
-7.242996298264478E-7
-7.243636963135639E-7
-2.863145184198029E-6
-2.863391439154805E-6
-6.360802602697274E-6
-6.361335928296245E-6
-1.1162417590199774E-5
-1.116332907027881E-5
-1.7214226291313495E-5
-1.7215594616315117E-5
-2.4463557883976208E-5
-2.446545021401088E-5
-3.285883723756079E-5
-3.286131003082862E-5
-4.234958779748573E-5
-4.2352687604789144E-5
-5.288643465659744E-5
-5.289019888264438E-5
-6.44211077763429E-5
-6.442556540851391E-5
-7.690644532369246E-5
-7.69116176289246E-5
-9.029639709282541E-5
-9.030229828325141E-5
-1.0454602798332274E-4
-1.0455266585129334E-4
-1.1961152150927724E-4
-1.1961889803238899E-4
-1.3545018331599708E-4
-1.3545829523274431E-4
-1.5202044468268504E-4
-1.520292840393554E-4
-1.6928186599070457E-4
-1.6929142066013833E-4
-1.8719514013785618E-4
-1.872053943106928E-4
-2.057220958791385E-4
-2.057330305281789E-4
-2.2482570107460105E-4
-2.248372943929186E-4
-2.4447006582373583E-4
-2.4448229363717476E-4
-2.6462044546493146E-4
-2.6463328161963756E-4
-2.852432434176173E-4
-2.852566601432537E-4
-3.0630601384384513E-4
-3.0631998209315327E-4
-3.277774641050148E-4
-3.2779195387038965E-4
-3.4962745698868645E-4
-3.4964243759644416E-4
-3.7182701267941576E-4
-3.7184245306244124E-4
-3.943483104482553E-4
-3.943641793977326E-4
-4.171646900363998E-4
-4.1718095643333554E-4
-4.402506527081331E-4
-4.4026728573540066E-4
-4.63581861950713E-4
-4.635988312863567E-4
-4.8713514380065663E-4
-4.871524197932114E-4
-5.108884867788573E-4
-5.109060406054543E-4
-5.348210414178794E-4
-5.348388452259195E-4
-5.589131193692651E-4
-5.589311464024605E-4
-5.831461920824967E-4
-5.831644167920948E-4
-6.075028890509339E-4
-6.075212871929495E-4
-6.319669956238747E-4
-6.31985544343171E-4
-6.565234503888339E-4
-6.56542128290902E-4
-6.811583421313359E-4
-6.811771293426326E-4
-7.058589063840824E-4
-7.058777846017949E-4
-7.30613521582925E-4
-7.306324741150359E-4
-7.554117048500847E-4
-7.554307166466138E-4
-7.802441074276449E-4
-7.802631651039473E-4
-8.05102509791411E-4
-8.051216016444107E-4
-8.299798164752744E-4
-8.299989324935078E-4
-8.548700506427325E-4
-8.548891825110787E-4
-8.797683484430865E-4
-8.797874895430435E-4
-9.04670953179898E-4
-9.046900986047371E-4
-9.295752094785878E-4
-9.295943559627859E-4
% Data (x (m) @ mass_load=0.005)
0
0
8.999413792659082E-4
9.000570019398009E-4
0.0017998798804319282
0.0018001074796462331
0.002699811280913558
0.002700147092241489
0.003599731711276268
0.0036001720304870734
0.004499637720222265
0.00450017890345697
0.005399526250855072
0.0054001647147447086
0.006299394617770168
0.006300126839547053
0.007199240484917308
0.007200063002519817
0.008099061844222304
0.008099971256393558
0.008998856994956096
0.008999849961336964
0.009898624523838865
0.009899697765055712
0.010798363285866988
0.010799513583614528
0.011698072385850508
0.011699296582970163
0.01259775116064885
0.012599046161202962
0.013497399162092416
0.013498761931434632
0.014397016140577711
0.014398443705419841
0.015296602029323578
0.015298091477799154
0.016196156929276142
0.016197705411000865
0.017095681094650095
0.01709728582077927
0.017995174919093786
0.01799683316237682
0.01889463892246584
0.018896348017297743
0.019794073738210776
0.019795831080680556
0.02069348010132129
0.02069528314925713
0.02159285883687479
0.021594705109885655
0.02249221084913179
0.022494097928645224
0.023391537111183722
0.023393462640479475
0.024290838655137773
0.024292800339376846
0.025190116562826288
0.02519211216907492
0.02608937195702825
0.026091399314276443
0.026988605993190227
0.02699066299236428
0.027887819851634247
0.02788990444560283
0.028787014730239816
0.028789124933813155
0.029686191837587292
0.029688325727508964
0.030585352386549622
0.03058750810148066
0.03148449758831941
0.03148667332881432
0.03238362864685801
0.0323858226753325
0.03328274675375331
0.03328495739444348
0.03418185308347262
0.0341840787223856
0.035080948788996945
0.03508318787385287
0.03598003499782276
0.0359822860379883
0.03687911280831725
0.03688137437473085
0.037778183286412755
0.037780454011501825
0.0386772474626262
0.03867952604021677
0.03957630632938896
0.03957859151460818
0.04047536083867259
0.0404776514478448
0.04137441189989563
0.04137670681043274
0.04227346037809689
0.042275758528383854
0.043172507092360216
0.04317480748163649
0.04407155281445722
0.04407385450270275
0.04497059826774271
0.044972900375605376
% Data (y (m) @ mass_load=0.005)
0
4.9999999999999996E-5
-1.0450433810642276E-6
4.895482295688089E-5
-4.139570561136476E-6
4.585991205215166E-5
-9.215592341974389E-6
4.0783280571182504E-5
-1.620590236059179E-5
3.3792159398555225E-5
-2.5044378912917535E-5
2.4952692803730564E-5
-3.566598741422098E-5
1.4329936642227108E-5
-4.800678248563565E-5
1.9878563123187148E-6
-6.200390991927028E-5
-1.2010675167532954E-5
-7.759560852962889E-5
-2.7603878968232467E-5
-9.472121189885029E-5
-4.4731072154102574E-5
-1.1332115002311358E-4
-6.333266928878181E-5
-1.333369508673608E-4
-8.335018395012056E-5
-1.5471124183526747E-4
-1.0472623016100882E-4
-1.7738775116106706E-4
-1.274045237427429E-4
-2.0131130922936618E-4
-1.5132988359707058E-4
-2.2642784982849462E-4
-1.764482329224604E-4
-2.526844113421273E-4
-2.0270660036933287E-4
-2.800291378829478E-4
-2.300531211380255E-4
-3.084112803710308E-4
-2.584370380221679E-4
-3.37781197558363E-4
-2.878087023988878E-4
-3.6809035699965624E-4
-3.181195751660005E-4
-3.992913359682828E-4
-3.49322227625013E-4
-4.3133782231476344E-4
-3.813703423073702E-4
-4.6418461526389373E-4
-4.1421871374003056E-4
-4.977876261455417E-4
-4.478232491454046E-4
-5.321038790531145E-4
-4.8214096906965106E-4
-5.670915114228037E-4
-5.171300079324469E-4
-6.027097745260386E-4
-5.527496144906568E-4
-6.389190338668977E-4
-5.889601522076584E-4
-6.756807694759835E-4
-6.2572309951983E-4
-7.129575760920741E-4
-6.630010499915183E-4
-7.507131632230178E-4
-7.007577123499575E-4
-7.889123550777962E-4
-7.389579103920736E-4
-8.275210903625102E-4
-7.775675827559314E-4
-8.66506421933745E-4
-8.165537825502899E-4
-9.058365163041566E-4
-8.558846768371209E-4
-9.454806529961823E-4
-8.955295459629914E-4
-9.854092237412987E-4
-9.354587827367539E-4
-0.0010255937315238738
-9.75643891452592E-4
-0.0010660067894706989
-0.001016057486759521
-0.0011066221195888788
-0.0010566732923800288
-0.0011474145513565715
-0.0010974661396823534
-0.001188360020172685
-0.0011384119661125187
-0.0012294355656737306
-0.0011794878134943265
-0.0012706193299281904
-0.0012206718262076776
-0.0013118905555209175
-0.001261943249257741
-0.001353229583541683
-0.0013032824262490894
-0.001394617851493072
-0.0013446707972800066
-0.0014360378910504385
-0.0013860908968314951
-0.0014774733271041116
-0.0014275263522266718
% Data (u (m) @ mass_load=0.005)
0
0
-5.862073409174624E-8
5.70019398009105E-8
-1.2011956807179823E-7
1.074796462332567E-7
-1.8871908644233602E-7
1.4709224148898948E-7
-2.682887237318875E-7
1.7203048707335669E-7
-3.6227977773394274E-7
1.7890345697107545E-7
-4.7374914492802246E-7
1.6471474470802595E-7
-6.053822298321027E-7
1.2683954705271453E-7
-7.595150826920566E-7
6.300251981749179E-8
-9.381557776948432E-7
-2.8743606441844856E-8
-1.1430050439038787E-6
-1.500386630357537E-7
-1.3754761611342224E-6
-3.0223494428744816E-7
-1.6367141330116705E-6
-4.86416385471678E-7
-1.927614149492244E-6
-7.034170298364579E-7
-2.2488393511513462E-6
-9.53838797039094E-7
-2.6008379075840107E-6
-1.2380685653677883E-6
-2.983859422288254E-6
-1.5562945801579654E-6
-3.397970676423809E-6
-1.9085222008471537E-6
-3.8430707238562464E-6
-2.294588999134492E-6
-4.3189053499045745E-6
-2.714179220728865E-6
-4.825080906211848E-6
-3.1668376231764985E-6
-5.36107753415762E-6
-3.6519827022578005E-6
-5.9262617892234106E-6
-4.168919319440757E-6
-6.5198986787108865E-6
-4.716850742868698E-6
-7.141163125208327E-6
-5.294890114345526E-6
-7.789150868207402E-6
-5.902071354776126E-6
-8.462888816278784E-6
-6.53735952052378E-6
-9.161344862231056E-6
-7.199660623157579E-6
-9.883437173713366E-6
-7.887830925079394E-6
-1.0628042971750782E-5
-8.600685723556426E-6
-1.13940068097722E-5
-9.337007635720812E-6
-1.2180148365751942E-5
-1.0095554397167035E-5
-1.2985269760182716E-5
-1.0875066186844506E-5
-1.3808162412710126E-5
-1.1674272491036395E-5
-1.4647613450381009E-5
-1.2491898519341048E-5
-1.5502411680593293E-5
-1.3326671185678183E-5
-1.637135314199053E-5
-1.4177324667498495E-5
-1.7253246246686493E-5
-1.5042605556511605E-5
-1.814691652737564E-5
-1.5921277614399E-5
-1.9051211003051428E-5
-1.6812126147132952E-5
-1.9965002177234084E-5
-1.7713962011695627E-5
-2.088719168274859E-5
-1.862562526915217E-5
-2.1816713587247454E-5
-1.954598849817197E-5
-2.2752537373801332E-5
-2.0473959783226567E-5
-2.3693670611034828E-5
-2.1408485391814804E-5
-2.46391613274084E-5
-2.234855215519954E-5
-2.558810010436603E-5
-2.3293189567257096E-5
-2.6539621903106284E-5
-2.42414716161448E-5
-2.7492907639789018E-5
-2.519251836351224E-5
-2.8447185542783232E-5
-2.614549729725354E-5
-2.9401732257287573E-5
-2.709962439462474E-5
% Data (v (m) @ mass_load=0.005)
0
0
-1.0450433810642276E-6
-1.0451770431191064E-6
-4.139570561136476E-6
-4.1400879478483365E-6
-9.215592341974389E-6
-9.216719428817493E-6
-1.620590236059179E-5
-1.620784060144477E-5
-2.5044378912917535E-5
-2.5047307196269432E-5
-3.566598741422098E-5
-3.567006335777289E-5
-4.800678248563565E-5
-4.801214368768128E-5
-6.200390991927028E-5
-6.201067516753295E-5
-7.759560852962889E-5
-7.760387896823246E-5
-9.472121189885029E-5
-9.473107215410257E-5
-1.1332115002311358E-4
-1.133326692887818E-4
-1.333369508673608E-4
-1.3335018395012056E-4
-1.5471124183526747E-4
-1.5472623016100882E-4
-1.7738775116106706E-4
-1.774045237427429E-4
-2.0131130922936618E-4
-2.0132988359707058E-4
-2.2642784982849462E-4
-2.264482329224604E-4
-2.526844113421273E-4
-2.5270660036933286E-4
-2.800291378829478E-4
-2.800531211380255E-4
-3.084112803710308E-4
-3.0843703802216794E-4
-3.37781197558363E-4
-3.378087023988878E-4
-3.6809035699965624E-4
-3.681195751660005E-4
-3.992913359682828E-4
-3.99322227625013E-4
-4.3133782231476344E-4
-4.3137034230737015E-4
-4.6418461526389373E-4
-4.642187137400306E-4
-4.977876261455417E-4
-4.978232491454046E-4
-5.321038790531145E-4
-5.321409690696511E-4
-5.670915114228037E-4
-5.671300079324469E-4
-6.027097745260386E-4
-6.027496144906568E-4
-6.389190338668977E-4
-6.389601522076584E-4
-6.756807694759835E-4
-6.7572309951983E-4
-7.129575760920741E-4
-7.130010499915183E-4
-7.507131632230178E-4
-7.507577123499576E-4
-7.889123550777962E-4
-7.889579103920736E-4
-8.275210903625102E-4
-8.275675827559314E-4
-8.66506421933745E-4
-8.665537825502899E-4
-9.058365163041566E-4
-9.058846768371209E-4
-9.454806529961823E-4
-9.455295459629915E-4
-9.854092237412987E-4
-9.85458782736754E-4
-0.0010255937315238738
-0.001025643891452592
-0.0010660067894706989
-0.001066057486759521
-0.0011066221195888788
-0.0011066732923800287
-0.0011474145513565715
-0.0011474661396823533
-0.001188360020172685
-0.0011884119661125187
-0.0012294355656737306
-0.0012294878134943264
-0.0012706193299281904
-0.0012706718262076775
-0.0013118905555209175
-0.0013119432492577408
-0.001353229583541683
-0.0013532824262490893
-0.001394617851493072
-0.0013946707972800065
-0.0014360378910504385
-0.001436090896831495
-0.0014774733271041116
-0.0014775263522266717
% Data (x (m) @ mass_load=0.01)
0
0
8.999192854070332E-4
9.000776792471983E-4
0.00179983194381822
0.0018001442929748623
0.0026997299255470506
0.002700191606885694
0.0035996058086626556
0.00360021225863478
0.004499452885558393
0.004500199600510597
0.005399265128112606
0.005400147664515513
0.0062990371538650895
0.006300051128518112
0.007198764193145419
0.007199905283359114
0.008098442057143645
0.008099706000901333
0.00899806710691344
0.00899944970301364
0.009897636223297241
0.00989913333147846
0.010797146777762591
0.01079875431881185
0.011696596604138434
0.011698310559984914
0.012595983971239922
0.012597800385034975
0.013495307556369815
0.013497222532554554
0.014394566419684498
0.014396576124046082
0.015293759979412272
0.015295860639129941
0.016192887987911502
0.01619507589159329
0.017091950508555987
0.017094222006267045
0.017990947893434778
0.017993299396718093
0.018889880761853606
0.0188923087437439
0.019788749979624938
0.019791250974656418
0.02068755663913369
0.02069012724334224
0.021586302040165446
0.02158893891108585
0.022484987671484238
0.022487687528142775
0.023383615193146672
0.023386374816049594
0.02428218641953926
0.024285002650657448
0.02518070330312589
0.02518357304587595
0.02607916791889226
0.02608208813811428
0.02697758244947409
0.02698055017140631
0.02787594917095601
0.027878961483206417
0.028774270439327967
0.028777324490843022
0.029672548677585828
0.029675641678616384
0.030570786363463245
0.030573915585527595
0.03146898601778134
0.03147214879362549
0.032367150193403096
0.03237034391695828
0.03326528146477902
0.03326850359111645
0.034163382418070744
0.034166630463353734
0.03506145564183898
0.03506472718327238
0.03595950371828267
0.035962796394059714
0.03685752921501507
0.036860840724261934
0.037755534677363534
0.03775886278008156
0.03865352262117899
0.03865686513818491
0.03955149552614109
0.0395548503390055
0.04044945582954503
0.04045282088052946
0.04134740592055628
0.04135077921254889
0.042245348134918724
0.042248727731369354
0.04314328475010181
0.04314666877495684
0.04404121798083891
0.044044604618485035
0.044939149975073145
0.04494253747039973
% Data (y (m) @ mass_load=0.01)
0
4.9999999999999996E-5
-1.4307378750047514E-6
4.856901127536363E-5
-5.674079603514798E-6
4.4324945544954337E-5
-1.2646703586631867E-5
3.7351165631299585E-5
-2.2265949420959658E-5
2.7730373368123152E-5
-3.445023128920135E-5
1.5544193285883317E-5
-4.911904263047632E-5
8.731687522341408E-7
-6.61929600672862E-5
-1.6203241901758506E-5
-8.55936469133796E-5
-3.560666883681193E-5
-1.0724385629314298E-4
-5.7259833772689645E-5
-1.310674339016182E-4
-8.108655269666002E-5
-1.5698932043278513E-4
-1.0701173824081224E-4
-1.849355537024672E-4
-1.3496140175461028E-4
-2.148332704908862E-4
-1.6486265509772937E-4
-2.466107081282245E-4
-1.966437121765506E-4
-2.801972058454023E-4
-2.3023389024653612E-4
-3.1552320591130386E-4
-2.6556361100173273E-4
-3.525202545756832E-4
-3.0256440147064456E-4
-3.911210028356396E-4
-3.411688947363732E-4
-4.312592070424577E-4
-3.813108304978318E-4
-4.728697293643234E-4
-4.2292505548754673E-4
-5.158885381189247E-4
-4.6594752376006513E-4
-5.602527079889288E-4
-5.103152968639605E-4
-6.059004201321159E-4
-5.559665439092244E-4
-6.527709621963468E-4
-6.028405415402179E-4
-7.00804728247962E-4
-6.508776738227841E-4
-7.499432186211201E-4
-7.000194320530319E-4
-8.001290396955055E-4
-7.502084144952207E-4
-8.513059036072102E-4
-8.013883260535497E-4
-9.034186278974518E-4
-8.535039778825148E-4
-9.564131351028696E-4
-9.065012869395781E-4
-0.0010102364522901444
-9.603272754828885E-4
-0.001064836710536839
-0.0010149300705159618
-0.00112016314436113
-0.0010702589031819823
-0.001176166091099409
-0.0011262641081067055
-0.0012327969902334852
-0.0011828971226917012
-0.0012900083826671352
-0.00124011048635768
-0.001347753909952653
-0.0012978578397385625
-0.0014059883134682457
-0.001356093923827143
-0.001464667433548067
-0.0014147745790741375
-0.0015237482085631783
-0.0014738567444389063
-0.0015831886739588246
-0.0015332984563972685
-0.0016429479612497053
-0.0015930588479080609
-0.0017029862969753372
-0.001653098147340564
-0.0017632650016218669
-0.0017133776773691606
-0.0018237464885145316
-0.0017738598538394096
-0.001884394262684734
-0.00183450818460952
-0.0019451729197184696
-0.0018952872683739679
-0.0020060481445970946
-0.001956162793480258
-0.0020669867103670003
-0.002017101536859454
-0.00212795647952339
-0.0020780713642571725
% Data (u (m) @ mass_load=0.01)
0
0
-8.071459296675164E-8
7.76792471982885E-8
-1.6805618177988028E-7
1.4429297486230036E-7
-2.700744529496246E-7
1.9160688569380713E-7
-3.9419133734430983E-7
2.1225863478006064E-7
-5.471144416062818E-7
1.9960051059730475E-7
-7.348718873943213E-7
1.4766451551233956E-7
-9.628461349102542E-7
5.112851811188029E-8
-1.235806854581318E-6
-9.47166408855484E-8
-1.5579428563545864E-6
-2.9399909866754764E-7
-1.9328930865599623E-6
-5.502969863585414E-7
-2.3637767027578795E-6
-8.666685215388355E-7
-2.8532222374099467E-6
-1.2456811881520584E-6
-3.4033958615657803E-6
-1.6894400150857943E-6
-4.016028760079023E-6
-2.1996149650253475E-6
-4.692443630184824E-6
-2.7774674454467456E-6
-5.433580315500822E-6
-3.4238759539184864E-6
-6.240020587728897E-6
-4.139360870060528E-6
-7.1120120884978085E-6
-4.924108406710693E-6
-8.049491444011867E-6
-5.7779937329569525E-6
-9.052106565220973E-6
-6.700603281906925E-6
-1.0119238146394936E-5
-7.691256256099466E-6
-1.1250020375059813E-5
-8.749025343580982E-6
-1.2443360866309939E-5
-9.872756657757353E-6
-1.3697959834556021E-5
-1.106108891415024E-5
-1.5012328515762807E-5
-1.2312471857225137E-5
-1.6384806853329542E-5
-1.3625183950405653E-5
-1.7813580460740712E-5
-1.4997349342553243E-5
-1.9296696874107837E-5
-1.6426954124051764E-5
-2.0832081107735782E-5
-1.7911861885716604E-5
-2.2417550525910926E-5
-1.9449828593688508E-5
-2.4050829043988236E-5
-2.103851679358259E-5
-2.5729560672032893E-5
-2.267550915697648E-5
-2.7451322414171667E-5
-2.435832138361504E-5
-2.921363653675639E-5
-2.6084414472407983E-5
-3.1013982218657024E-5
-2.785120637450985E-5
-3.284980659690109E-5
-2.9656083041717358E-5
-3.471853522097345E-5
-3.149640888354157E-5
-3.6617581929256056E-5
-3.336953664626799E-5
-3.8544358161014656E-5
-3.527281672761583E-5
-4.049628171732743E-5
-3.720360594028105E-5
-4.2470784984930754E-5
-3.915927573806854E-5
-4.446532263646874E-5
-4.113721991844186E-5
-4.647737882100269E-5
-4.313486181509228E-5
-4.850447385891048E-5
-4.514966099449339E-5
-5.054417045497126E-5
-4.7179119470539964E-5
-5.259407944371774E-5
-4.9220787451107E-5
-5.4651865081270184E-5
-5.127226863064045E-5
-5.67152498981943E-5
-5.333122504316467E-5
-5.878201916108713E-5
-5.539538151496175E-5
-6.0850024926851634E-5
-5.7462529600270234E-5
% Data (v (m) @ mass_load=0.01)
0
0
-1.4307378750047514E-6
-1.4309887246363709E-6
-5.674079603514798E-6
-5.675054455045661E-6
-1.2646703586631867E-5
-1.2648834368700414E-5
-2.2265949420959658E-5
-2.2269626631876843E-5
-3.445023128920135E-5
-3.445580671411668E-5
-4.911904263047632E-5
-4.9126831247765855E-5
-6.61929600672862E-5
-6.62032419017585E-5
-8.55936469133796E-5
-8.560666883681192E-5
-1.0724385629314298E-4
-1.0725983377268964E-4
-1.310674339016182E-4
-1.3108655269666002E-4
-1.5698932043278513E-4
-1.5701173824081224E-4
-1.849355537024672E-4
-1.8496140175461027E-4
-2.148332704908862E-4
-2.1486265509772936E-4
-2.466107081282245E-4
-2.466437121765506E-4
-2.801972058454023E-4
-2.802338902465361E-4
-3.1552320591130386E-4
-3.1556361100173276E-4
-3.525202545756832E-4
-3.525644014706445E-4
-3.911210028356396E-4
-3.911688947363732E-4
-4.312592070424577E-4
-4.3131083049783176E-4
-4.728697293643234E-4
-4.7292505548754676E-4
-5.158885381189247E-4
-5.159475237600652E-4
-5.602527079889288E-4
-5.603152968639605E-4
-6.059004201321159E-4
-6.059665439092244E-4
-6.527709621963468E-4
-6.52840541540218E-4
-7.00804728247962E-4
-7.008776738227842E-4
-7.499432186211201E-4
-7.500194320530319E-4
-8.001290396955055E-4
-8.002084144952208E-4
-8.513059036072102E-4
-8.513883260535497E-4
-9.034186278974518E-4
-9.035039778825148E-4
-9.564131351028696E-4
-9.565012869395781E-4
-0.0010102364522901444
-0.0010103272754828886
-0.001064836710536839
-0.0010649300705159617
-0.00112016314436113
-0.0011202589031819822
-0.001176166091099409
-0.0011762641081067054
-0.0012327969902334852
-0.0012328971226917011
-0.0012900083826671352
-0.00129011048635768
-0.001347753909952653
-0.0013478578397385624
-0.0014059883134682457
-0.001406093923827143
-0.001464667433548067
-0.0014647745790741374
-0.0015237482085631783
-0.0015238567444389062
-0.0015831886739588246
-0.0015832984563972684
-0.0016429479612497053
-0.0016430588479080608
-0.0017029862969753372
-0.001703098147340564
-0.0017632650016218669
-0.0017633776773691605
-0.0018237464885145316
-0.0018238598538394095
-0.001884394262684734
-0.00188450818460952
-0.0019451729197184696
-0.0019452872683739678
-0.0020060481445970946
-0.002006162793480258
-0.0020669867103670003
-0.002067101536859454
-0.00212795647952339
-0.0021280713642571726
% Data (x (m) @ mass_load=0.02)
0
0
8.998751313801317E-4
9.001177524747374E-4
0.001799732470265041
0.0018002116851103139
0.002699552844529804
0.0027002623087769326
0.0035993184820154525
0.0036002519082971567
0.004499013134706924
0.0045001642935350765
0.005398622017033504
0.005399984737566576
0.0062981317455044995
0.006299699916243259
0.007197530279603271
0.007199297849018673
0.008096806863944876
0.008098767841041982
0.008995951971700585
0.008998100426522188
0.009894957249290645
0.009897287313364141
0.010793815462344895
0.010796321329075868
0.01169252044292926
0.011695196367945046
0.012591067038034682
0.012593907339481092
0.013489451059323617
0.01349245011811787
0.01438766923412804
0.014390821494170833
0.015285719157691747
0.015289019126041255
0.01618359924664861
0.016187041493659123
0.017081308693727665
0.017084887853155404
0.017978847423674844
0.017982558192753424
0.018876216050380562
0.018880053189868445
0.019773415835201508
0.0197773741694037
0.02067044864646452
0.020674523063230633
0.021567316920139672
0.02157150237084037
0.022464023621669455
0.022468315121153236
0.02336057220894025
0.023364964835472346
0.024256966596381952
0.024261455491567198
0.025153211120181426
0.02515779148887266
0.02604931050459497
0.026053977614788556
0.026945269829344913
0.026950019012064865
0.027841094498085063
0.027845921147257185
0.028736790207919676
0.028741689780237063
0.029632362919960385
0.02963733093474153
0.030527818830905506
0.030532850869946213
0.031423164345626
0.03142825605304619
0.032318406050742335
0.03232355313282879
0.03321355068917633
0.03321874891422246
0.034108605135662266
0.034113850333805734
0.03500357637320121
0.03500886443626037
0.035898471470443005
0.03590379835175291
0.0367932975599799
0.03679865927422875
0.037688061817536145
0.037693454440602764
0.0385827714420379
0.03858819111083109
0.039477433636547626
0.03948287654884797
0.04037205559004765
0.04037751800435228
0.041266644460057296
0.04127212269542833
0.04216120735606832
0.04216669779198538
0.04305575132378292
0.04306125040000044
0.0439502833300874
0.04395578754649054
0.044844810248557486
0.044850316165354856
% Data (y (m) @ mass_load=0.02)
0
4.9999999999999996E-5
-2.1902553430785148E-6
4.780915607987867E-5
-8.695536428098383E-6
4.1302168148030315E-5
-1.940180576610465E-5
3.059316166792346E-5
-3.419541970626933E-5
1.579586775656846E-5
-5.296376683987215E-5
-2.9770192080678777E-6
-7.559528290486954E-5
-2.561385538514554E-5
-1.0197946398308239E-4
-5.2004060598305195E-5
-1.3200687844181194E-4
-8.203813020710182E-5
-1.6556917768971745E-4
-1.156076457924687E-4
-2.0255910581450134E-4
-1.526052847238655E-4
-2.4287050816753004E-4
-1.9292482867333923E-4
-2.8639833895813537E-4
-2.364611711393359E-4
-3.3303866791822015E-4
-2.8311032404097314E-4
-3.826886860952964E-4
-3.327694234409789E-4
-4.3524671082984336E-4
-3.853367344532594E-4
-4.906121899707224E-4
-4.4071165538889635E-4
-5.4868570538019E-4
-4.987947211921781E-4
-6.093689757779699E-4
-5.594876062161803E-4
-6.725648589715522E-4
-6.226931263851135E-4
-7.381773535177687E-4
-6.883152407885322E-4
-8.061115998590119E-4
-7.562590527508165E-4
-8.762738809753424E-4
-8.264308104172049E-4
-9.485716225919109E-4
-8.987379068958401E-4
-0.0010229133929789479
-9.730888799931076E-4
-0.0010992089023797995
-0.0010493934115777715
-0.0011773690021010925
-0.001127562326608017
-0.0012573056832972742
-0.0012075075918536644
-0.0013389320754802426
-0.0012891423143442844
-0.0014221624447829208
-0.0013723807395720844
-0.0015069121920037454
-0.0014571382494765516
-0.0015930978504583955
-0.001543331360237183
-0.0016806370836638766
-0.0016308777198994408
-0.0017694486828777316
-0.001719696105856694
-0.0018594525645146888
-0.0018097064222104724
-0.00195056976746123
-0.0019008296970295178
-0.0020427224503074457
-0.001992988079527
-0.0021358338885149805
-0.0020861048371747055
-0.002229828471538514
-0.002180104352771652
-0.0023246316999172207
-0.00227491212148355
-0.0024201701823512558
-0.0023704547478681764
-0.002516371632777573
-0.002466659942900964
-0.002613164867458985
-0.0025634565210146966
-0.002710479802099005
-0.002660774397165869
-0.002808247448994963
-0.0027585445839401874
-0.0029063999142399577
-0.0028566991887077576
-0.0030048703949834546
-0.002955171410837789
-0.0031035931767617133
-0.0030538955389839795
-0.003202503630907835
-0.0031528069484503696
-0.0033015382117135977
-0.0032518420988693437
-0.0034006344590548
-0.003350938534580768
% Data (u (m) @ mass_load=0.02)
0
0
-1.2486861986834178E-7
1.1775247473750421E-7
-2.6752973495908487E-7
2.1168511031384633E-7
-4.471554701959069E-7
2.62308776932292E-7
-6.815179845472763E-7
2.51908297156655E-7
-9.868652930759014E-7
1.642935350768351E-7
-1.377982966496693E-6
-1.5262433423635277E-8
-1.86825449550065E-6
-3.0008375674109034E-7
-2.4697203967291816E-6
-7.021509813260707E-7
-3.193136055124669E-6
-1.2321589580165246E-6
-4.048028299414572E-6
-1.899573477811977E-6
-5.042750709354181E-6
-2.7126866358576473E-6
-6.1845376551059026E-6
-3.678670924131737E-6
-7.479557070739902E-6
-4.80363205495393E-6
-8.932961965317276E-6
-6.092660518908372E-6
-1.0548940676383728E-5
-7.549881882131383E-6
-1.2330765871959672E-5
-9.178505829167813E-6
-1.4280842308254797E-5
-1.0980873958747228E-5
-1.6400753351389547E-5
-1.2958506340876556E-5
-1.86913062723349E-5
-1.5112146844595052E-5
-2.1152576325155026E-5
-1.7441807246575474E-5
-2.378394961943924E-5
-1.9946810131556984E-5
-2.6584164798489306E-5
-2.262583059629894E-5
-2.9551353535480204E-5
-2.5476936769368457E-5
-3.268307986032919E-5
-2.8497629159629182E-5
-3.597637833054231E-5
-3.168487884676368E-5
-3.942779105975099E-5
-3.503516452765405E-5
-4.303340361805029E-5
-3.854450843280272E-5
-4.678887981857616E-5
-4.220851112734118E-5
-5.068949540503017E-5
-4.602238521144067E-5
-5.473017065508728E-5
-4.9980987935133135E-5
-5.8905501914933876E-5
-5.407885274281265E-5
-6.320979208032178E-5
-5.8310219762937634E-5
-6.763708003961536E-5
-6.26690652584717E-5
-7.218116909449499E-5
-6.714913005378873E-5
-7.683565437399788E-5
-7.174394695381231E-5
-8.159394925766527E-5
-7.64468671712081E-5
-8.64493108236663E-5
-8.1251085777533E-5
-9.139486433773646E-5
-8.614966619426608E-5
-9.64236267987912E-5
-9.113556373963233E-5
-1.0152852955699535E-4
-9.620164824708513E-5
-1.067024400201055E-4
-1.0134072577125592E-4
-1.1193818246385605E-4
-1.0654555939723928E-4
-1.1722855796209776E-4
-1.1180888916890941E-4
-1.2256636345236936E-4
-1.1712345115203137E-4
-1.2794440995235785E-4
-1.2248199564772474E-4
-1.3335553994270235E-4
-1.2787730457167136E-4
-1.3879264393167962E-4
-1.3330220801461263E-4
-1.4424867621708163E-4
-1.387495999995615E-4
-1.4971666991259842E-4
-1.4421245350945916E-4
-1.5518975144251045E-4
-1.4968383464514028E-4
% Data (v (m) @ mass_load=0.02)
0
0
-2.1902553430785148E-6
-2.1908439201213213E-6
-8.695536428098383E-6
-8.697831851969682E-6
-1.940180576610465E-5
-1.9406838332076535E-5
-3.419541970626933E-5
-3.420413224343154E-5
-5.296376683987215E-5
-5.297701920806787E-5
-7.559528290486954E-5
-7.561385538514554E-5
-1.0197946398308239E-4
-1.0200406059830519E-4
-1.3200687844181194E-4
-1.320381302071018E-4
-1.6556917768971745E-4
-1.656076457924687E-4
-2.0255910581450134E-4
-2.0260528472386549E-4
-2.4287050816753004E-4
-2.4292482867333922E-4
-2.8639833895813537E-4
-2.864611711393359E-4
-3.3303866791822015E-4
-3.331103240409731E-4
-3.826886860952964E-4
-3.827694234409789E-4
-4.3524671082984336E-4
-4.353367344532594E-4
-4.906121899707224E-4
-4.907116553888964E-4
-5.4868570538019E-4
-5.487947211921782E-4
-6.093689757779699E-4
-6.094876062161804E-4
-6.725648589715522E-4
-6.726931263851136E-4
-7.381773535177687E-4
-7.383152407885323E-4
-8.061115998590119E-4
-8.062590527508166E-4
-8.762738809753424E-4
-8.764308104172049E-4
-9.485716225919109E-4
-9.487379068958402E-4
-0.0010229133929789479
-0.0010230888799931076
-0.0010992089023797995
-0.0010993934115777714
-0.0011773690021010925
-0.001177562326608017
-0.0012573056832972742
-0.0012575075918536643
-0.0013389320754802426
-0.0013391423143442843
-0.0014221624447829208
-0.0014223807395720843
-0.0015069121920037454
-0.0015071382494765515
-0.0015930978504583955
-0.0015933313602371829
-0.0016806370836638766
-0.0016808777198994407
-0.0017694486828777316
-0.001769696105856694
-0.0018594525645146888
-0.0018597064222104723
-0.00195056976746123
-0.0019508296970295177
-0.0020427224503074457
-0.002042988079527
-0.0021358338885149805
-0.0021361048371747056
-0.002229828471538514
-0.0022301043527716523
-0.0023246316999172207
-0.00232491212148355
-0.0024201701823512558
-0.0024204547478681765
-0.002516371632777573
-0.002516659942900964
-0.002613164867458985
-0.0026134565210146968
-0.002710479802099005
-0.002710774397165869
-0.002808247448994963
-0.0028085445839401875
-0.0029063999142399577
-0.0029066991887077578
-0.0030048703949834546
-0.003005171410837789
-0.0031035931767617133
-0.0031038955389839796
-0.003202503630907835
-0.0032028069484503698
-0.0033015382117135977
-0.003301842098869344
-0.0034006344590548
-0.003400938534580768
% Data (x (m) @ mass_load=0.06)
0
0
8.996964461559506E-4
9.002645642223634E-4
0.0017992847713976068
0.0018004085593750405
0.002698658244225349
0.0027003243831064325
0.0035977175105513927
0.003599912693985583
0.004496370801430085
0.004499081745750675
0.005394533702230538
0.005397747155815067
0.006292128921778962
0.006295831673716666
0.007189086061707501
0.0071932649497973376
0.008085341386458467
0.00808998330456171
0.008980837594357242
0.008985929499128976
0.009875523590132388
0.009881052507156509
0.010769354259228016
0.010775307288580458
0.011662290244221126
0.011668654565486075
0.01255429772362574
0.012561060600389456
0.013445348193336124
0.013452496977182751
0.014335418250933556
0.014342940384966986
0.015224489383054806
0.015232372404970133
0.01611254775599593
0.01612077930072351
0.01699958400970206
0.01700815181164654
0.017885593055272573
0.01789448495016856
0.018770573876091372
0.01877977780249666
0.019654529332673698
0.019664033333120234
0.0205374659713041
0.02054725819312611
0.02141939383652457
0.02142946253238249
0.02230032628751738
0.022310659815635514
0.023180279818413738
0.023190866642548897
0.024059273882546816
0.02407010257170446
0.024937330720656233
0.02494838994856998
0.025814475193039876
0.02582575373742974
0.026690734615638884
0.026702221357262954
0.02756613860003188
0.027577822521545628
0.028440718897305556
0.02845258908194253
0.029314509245759877
0.02932655487584705
0.030187545222398287
0.030199755577718933
0.031059864098145613
0.031072228554162216
0.03193150469672893
0.03194401272267827
0.03280250725714976
0.0328151484140221
0.033672913299669885
0.033685677238083786
0.0345427654952265
0.03455564195321075
0.03541210753818738
0.03542508633888101
0.03628098402235119
0.03629405507163259
0.037149440320093936
0.037162593604149786
0.038017522464558244
0.0380307480474028
0.03888527703477826
0.03889856505573335
0.03975275104363005
0.03976609171477621
0.04061999182849492
0.040633375432103574
0.0414870469445211
0.04150046383047796
0.04235396406036829
0.04236740464359755
0.04322079085632464
0.04323424561394975
0.04408757492150689
0.04410103439197663
% Data (y (m) @ mass_load=0.06)
0
4.9999999999999996E-5
-5.12513282360817E-6
4.487163984517393E-5
-2.0367685255054848E-5
2.9619686639680077E-5
-4.548954380616851E-5
4.4826907394232825E-6
-8.025127978019573E-5
-3.0299488922330318E-5
-1.244137761583003E-4
-7.44873200738446E-5
-1.7773840310682509E-4
-1.2784177047048658E-4
-2.3998718019265774E-4
-1.901244701111169E-4
-3.1092292634941535E-4
-2.610978611793368E-4
-3.903093980212462E-4
-3.405253361384007E-4
-4.779114159183956E-4
-4.281713644159013E-4
-5.734949808241974E-4
-5.238016081197826E-4
-6.768273788967028E-4
-6.271830272307335E-4
-7.876772769095496E-4
-7.380839747173172E-4
-9.058148078757767E-4
-8.562742820192312E-4
-0.0010310116474951964
-9.815253353409044E-4
-0.0011630410818605627
-0.0011136101431921763
-0.0013016780668504298
-0.0012523033956053722
-0.0014466992796272299
-0.0013973815154486198
-0.0015978831626484234
-0.0015486227022444919
-0.0017550099605864325
-0.001705806968890827
-0.0019178617505402585
-0.0018687161716676763
-0.00208622246590831
-0.002037134033900887
-0.002259877914278245
-0.0022108461636390167
-0.0024386157896759486
-0.0023896400656865384
-0.0026222256795025824
-0.0025733051483230436
-0.0028104990664756723
-0.0027616327250251354
-0.003003229325877666
-0.002954416011495101
-0.003200211718403542
-0.0031514501182885804
-0.003401243378887904
-0.0033525320393222435
-0.0036061233011816306
-0.003557460636532114
-0.0038146523194383724
-0.0037660366209433215
-0.004026633086061656
-0.003978062530402568
-0.00424187004655578
-0.004193342704216923
-0.004460169411515619
-0.004411683254934528
-0.004681339125982861
-0.004632892037495123
-0.004905188836390973
-0.004856778615973112
-0.005131529855315195
-0.005083154228129812
-0.005360175124238015
-0.005311831747985699
-0.005590939174537067
-0.005542625646619899
-0.005823638086897735
-0.005775351951399529
-0.0060580894493484925
-0.006009828203837157
-0.00629411231411351
-0.006245873416271157
-0.006531527153473708
-0.006483308027560381
-0.006770155814825343
-0.0067219538579823875
-0.007009821475121901
-0.006961634063521202
-0.007250348594882915
-0.007202173089728292
-0.007491562871950274
-0.007443396625337459
-0.007733291195169206
-0.00768513155581084
-0.007975361597209456
-0.007927205917596884
-0.008217603222676912
-0.00816944886011594
% Data (u (m) @ mass_load=0.06)
0
0
-3.035538440493477E-7
2.6456422236343806E-7
-7.152286023931484E-7
4.08559375040577E-7
-1.3417557746511541E-6
3.2438310643249295E-7
-2.2824894486070677E-6
-8.730601441718664E-8
-3.629198569914938E-6
-9.182542493246709E-7
-5.466297769462299E-6
-2.2528441849330543E-6
-7.871078221037367E-6
-4.168326283334104E-6
-1.0913938292498855E-5
-6.7350502026625234E-6
-1.465861354153229E-5
-1.0016695438289368E-5
-1.916240564275701E-5
-1.4070500871022516E-5
-2.4476409867610762E-5
-1.8947492843490604E-5
-3.064574077198443E-5
-2.469271141954286E-5
-3.7709755778874496E-5
-3.1345434513924406E-5
-4.570227637426017E-5
-3.893939961054443E-5
-5.465180666387608E-5
-4.7503022817248324E-5
-6.458174906644431E-5
-5.7059615033013495E-5
-7.551061694519507E-5
-6.762759502986766E-5
-8.745224400406927E-5
-7.922069927648997E-5
-1.004159902979397E-4
-9.184818835345869E-5
-1.1440694472742689E-4
-1.0551504983143788E-4
-1.2942612390862753E-4
-1.2022219750333884E-4
-1.4547066732630053E-4
-1.3596666687976358E-4
-1.6253402869589856E-4
-1.527418068738878E-4
-1.8060616347542955E-4
-1.7053746761751292E-4
-1.9967371248261773E-4
-1.8934018436448676E-4
-2.197201815862643E-4
-2.0913335745110395E-4
-2.4072611745318498E-4
-2.2989742829554132E-4
-2.626692793437668E-4
-2.5161005143001995E-4
-2.855248069601241E-4
-2.742462625702588E-4
-3.0926538436111686E-4
-2.97778642737047E-4
-3.338613999681179E-4
-3.221774784543695E-4
-3.592811026944416E-4
-3.474109180574706E-4
-3.8549075424012245E-4
-3.734451241529533E-4
-4.1245477760171645E-4
-4.002444222810683E-4
-4.401359018543865E-4
-4.277714458377833E-4
-4.6849530327106693E-4
-4.5598727732172823E-4
-4.974927428502341E-4
-4.848515859778993E-4
-5.270867003301194E-4
-5.143227619162134E-4
-5.572345047734987E-4
-5.443580467892467E-4
-5.878924618126131E-4
-5.749136611189903E-4
-6.190159776488099E-4
-6.059449283674146E-4
-6.505596799060672E-4
-6.37406395850213E-4
-6.824775354417548E-4
-6.692519525971983E-4
-7.147229652217403E-4
-7.014349442666431E-4
-7.472489563699528E-4
-7.339082852237966E-4
-7.800081715050826E-4
-7.666245678964268E-4
-8.129530554788984E-4
-7.995361695220413E-4
-8.46035939631716E-4
-8.325953564024563E-4
-8.792091436753642E-4
-8.657543860502482E-4
-9.124250784931125E-4
-8.98965608023368E-4
% Data (v (m) @ mass_load=0.06)
0
0
-5.12513282360817E-6
-5.128360154826062E-6
-2.0367685255054848E-5
-2.038031336031992E-5
-4.548954380616851E-5
-4.551730926057671E-5
-8.025127978019573E-5
-8.029948892233031E-5
-1.244137761583003E-4
-1.244873200738446E-4
-1.7773840310682509E-4
-1.7784177047048657E-4
-2.3998718019265774E-4
-2.401244701111169E-4
-3.1092292634941535E-4
-3.1109786117933675E-4
-3.903093980212462E-4
-3.9052533613840066E-4
-4.779114159183956E-4
-4.7817136441590126E-4
-5.734949808241974E-4
-5.738016081197826E-4
-6.768273788967028E-4
-6.771830272307335E-4
-7.876772769095496E-4
-7.880839747173172E-4
-9.058148078757767E-4
-9.062742820192312E-4
-0.0010310116474951964
-0.0010315253353409043
-0.0011630410818605627
-0.0011636101431921763
-0.0013016780668504298
-0.0013023033956053721
-0.0014466992796272299
-0.0014473815154486197
-0.0015978831626484234
-0.0015986227022444918
-0.0017550099605864325
-0.0017558069688908269
-0.0019178617505402585
-0.0019187161716676762
-0.00208622246590831
-0.0020871340339008873
-0.002259877914278245
-0.0022608461636390168
-0.0024386157896759486
-0.0024396400656865385
-0.0026222256795025824
-0.0026233051483230438
-0.0028104990664756723
-0.0028116327250251355
-0.003003229325877666
-0.003004416011495101
-0.003200211718403542
-0.0032014501182885805
-0.003401243378887904
-0.0034025320393222436
-0.0036061233011816306
-0.003607460636532114
-0.0038146523194383724
-0.0038160366209433216
-0.004026633086061656
-0.004028062530402568
-0.00424187004655578
-0.004243342704216922
-0.004460169411515619
-0.004461683254934528
-0.004681339125982861
-0.004682892037495123
-0.004905188836390973
-0.004906778615973112
-0.005131529855315195
-0.005133154228129812
-0.005360175124238015
-0.005361831747985699
-0.005590939174537067
-0.005592625646619899
-0.005823638086897735
-0.005825351951399529
-0.0060580894493484925
-0.006059828203837157
-0.00629411231411351
-0.006295873416271157
-0.006531527153473708
-0.006533308027560381
-0.006770155814825343
-0.006771953857982387
-0.007009821475121901
-0.007011634063521201
-0.007250348594882915
-0.007252173089728291
-0.007491562871950274
-0.007493396625337458
-0.007733291195169206
-0.007735131555810839
-0.007975361597209456
-0.007977205917596883
-0.008217603222676912
-0.00821944886011594
% Data (x (m) @ mass_load=0.2)
0
0
8.99096739192151E-4
9.006220646062027E-4
0.0017973879464773896
0.0018004023584537578
0.0026941064979255597
0.0026985703472416074
0.0035885441018483565
0.0035944168966088297
0.004480051068366878
0.004487291676538586
0.005368034713143304
0.0053766015508689485
0.006251957608924199
0.006261808813481176
0.0071313357128049235
0.0071424293005049495
0.00800573639606832
0.00801803040550151
0.008874776401168781
0.008888229022284122
0.009738119748159756
0.009752689437744527
0.01059547561063008
0.010611121194805192
0.011446596179046845
0.011463276943435208
0.012291274527320508
0.012308950295572621
0.013129342496426739
0.013147973697803666
0.013960668607049847
0.013980216333769705
0.01478515601146504
0.014805582066516436
0.015602740493253282
0.01562400742936941
0.01641338852194887
0.016435459672419876
0.017217095368353537
0.017239934870333762
0.018013883285012806
0.018037456095954578
0.01880379975523238
0.0188280716630501
0.019586915813015124
0.01961185344055291
0.020363324435413038
0.020388895239757548
0.021133139008007555
0.021159311275154826
0.02189649186354859
0.021923234698900687
0.022653532893191723
0.02268081620832596
0.02340442822926369
0.023432222725384654
0.024149358998053785
0.024177636146506847
0.024888520140761268
0.0249172521609553
0.02562211930042769
0.0256512791354857
0.026350375772429484
0.02637993706285729
0.02707351951591086
0.027103456571547314
0.027791790223374812
0.027822077993862177
0.028505436445527443
0.028536050489516785
0.02921471476838552
0.029245631221669944
0.02991988903958817
0.029951084582336678
0.03062122964081724
0.030652681464062848
0.03131901280321125
0.031350698574729725
0.03201351996265816
0.03204541779235762
0.03270503715185625
0.032737125556784236
0.03339385442605085
0.033426112295112234
0.034080265319385086
0.034112671877852274
0.03476456632884291
0.034797101102729364
0.035447056422792445
0.03547969920315239
0.03612803657118056
0.03616076737838888
0.0368078092944782
0.036840608342537814
0.03748667822852207
0.03751952588944086
0.03816494770352308
0.03819782446938211
0.03884292230888614
0.03887580876542718
% Data (y (m) @ mass_load=0.2)
0
4.9999999999999996E-5
-1.3756314187297114E-5
3.622041658557048E-5
-5.463921927555399E-5
-4.730160453421204E-6
-1.219497208129328E-4
-7.214937092281224E-5
-2.1496789621190364E-4
-1.6531398350606649E-4
-3.3296044645850784E-4
-2.8348748089497013E-4
-4.7518422122955645E-4
-4.2592358805761794E-4
-6.408894661471842E-4
-5.918695271787066E-4
-8.293227969085871E-4
-7.805689979168307E-4
-0.0010397299065530532
-9.912648893678241E-4
-0.0012713580138905968
-0.0012232017318858227
-0.0015234580625449639
-0.0014756278983407037
-0.0017952866811880022
-0.0017477975655117563
-0.002086107916393274
-0.0020389724471640623
-0.0023951947501422766
-0.00234842331095426
-0.002721830414403982
-0.0026754312916937675
-0.0030653095154084325
-0.00301928901369101
-0.0034249389802646427
-0.0033793015349167697
-0.0038000388384643873
-0.003754787125621048
-0.0041899428505814155
-0.0041450778937905716
-0.0045939989961455594
-0.004549520269498815
-0.005011569832257563
-0.004967475359779914
-0.005442032734038694
-0.0053983191851792855
-0.005884780027484763
-0.005841442808602886
-0.006339219024736903
-0.006296252366523763
-0.006804771971203793
-0.006762169012021155
-0.0072808759133800105
-0.007238628778532205
-0.0077669824956112
-0.00772508237259742
-0.008262557693469804
-0.008220994903289662
-0.008767081490827331
-0.008725845555434897
-0.009280047507152916
-0.00923912721317274
-0.009800962581022817
-0.009760346039857013
-0.010329346315315346
-0.01028902101978296
-0.01086473058906455
-0.01082468346672436
-0.011406659040486097
-0.011366876503801858
-0.011954686525252528
-0.011915154518765271
-0.012508378553679821
-0.012469082598356048
-0.013067310710114561
-0.013028235945042113
-0.013631068057455342
-0.013592199279060038
-0.01419924452941643
-0.014160566228373264
-0.014771442312839986
-0.014732938708852089
-0.015347271222097435
-0.015308926296715777
-0.015926348067377895
-0.015888145595033053
-0.016508296018437736
-0.01647021959585309
-0.017092743965180502
-0.01705477703933399
-0.017679325876272262
-0.017641451771072295
-0.018267680156844116
-0.01822988209868222
-0.0188574490061949
-0.01881971014853503
-0.019448277776291826
-0.019410581223454373
-0.02003981432952913
-0.020002143163220593
-0.020631708430639592
-0.02059404572398989
% Data (u (m) @ mass_load=0.2)
0
0
-9.032608078489654E-7
6.220646062026653E-7
-2.612053522610338E-6
4.0235845375786564E-7
-5.893502074440352E-6
-1.4296527583925729E-6
-1.1455898151643293E-5
-5.58310339117021E-6
-1.994893163312217E-5
-1.2708323461414489E-5
-3.196528685669658E-5
-2.33984491310517E-5
-4.8042391075801034E-5
-3.8191186518823526E-5
-6.86642871950765E-5
-5.7570699495050146E-5
-9.42636039316789E-5
-8.196959449849062E-5
-1.2522359883121735E-4
-1.1177097771587785E-4
-1.6188025184024225E-4
-1.4731056225547167E-4
-2.0452438936992062E-4
-1.888788051948084E-4
-2.5340382095315547E-4
-2.3672305656479274E-4
-3.0872547267949183E-4
-2.9104970442737964E-4
-3.706575035732616E-4
-3.520263021963343E-4
-4.3933139295015185E-4
-4.197836662302955E-4
-5.148439885349612E-4
-4.944179334835653E-4
-5.972595067467168E-4
-5.759925706305895E-4
-6.8661147805113E-4
-6.645403275801232E-4
-7.829046316464621E-4
-7.600651296662386E-4
-8.861167149871953E-4
-8.625439040454217E-4
-9.962002447676196E-4
-9.719283369499001E-4
-0.0011130841869848758
-0.001088146559447091
-0.0012366755645869649
-0.001211104760242453
-0.0013668609919924456
-0.0013406887248451726
-0.00150350813645141
-0.0014767653010993136
-0.00164646710680828
-0.001619183791674043
-0.0017955717707363126
-0.0017677772746153447
-0.0019506410019462124
-0.001922363853493152
-0.002111479859238731
-0.0020827478390447025
-0.00227788069957231
-0.0022487208645142974
-0.002449624227570517
-0.002420062937142708
-0.0026264804840891416
-0.0025965434284526863
-0.002808209776625189
-0.0027779220061378263
-0.0029945635544725564
-0.0029639495104832156
-0.0031852852316144762
-0.0031543687783300543
-0.0033801109604118264
-0.003348915417663317
-0.0035787703591827636
-0.0035473185359371526
-0.0037809871967887532
-0.0037493014252702756
-0.00398648003734184
-0.003954582207642378
-0.004194962848143756
-0.004162874443215768
-0.0044061455739491506
-0.004373887704887763
-0.004619734680614911
-0.004587328122147727
-0.004835433671157092
-0.004802898897270632
-0.005052943577207555
-0.005020300796847612
-0.005271963428819439
-0.00523923262161112
-0.0054921907055217965
-0.005459391657462181
-0.005713321771477934
-0.005680474110559144
-0.005935052296476924
-0.00590217553061789
-0.006157077691113861
-0.006124191234572824
% Data (v (m) @ mass_load=0.2)
0
0
-1.3756314187297114E-5
-1.3779583414429517E-5
-5.463921927555399E-5
-5.47301604534212E-5
-1.219497208129328E-4
-1.2214937092281224E-4
-2.1496789621190364E-4
-2.1531398350606648E-4
-3.3296044645850784E-4
-3.334874808949701E-4
-4.7518422122955645E-4
-4.7592358805761796E-4
-6.408894661471842E-4
-6.418695271787066E-4
-8.293227969085871E-4
-8.305689979168307E-4
-0.0010397299065530532
-0.001041264889367824
-0.0012713580138905968
-0.0012732017318858226
-0.0015234580625449639
-0.0015256278983407036
-0.0017952866811880022
-0.0017977975655117562
-0.002086107916393274
-0.0020889724471640624
-0.0023951947501422766
-0.00239842331095426
-0.002721830414403982
-0.0027254312916937676
-0.0030653095154084325
-0.00306928901369101
-0.0034249389802646427
-0.00342930153491677
-0.0038000388384643873
-0.0038047871256210483
-0.0041899428505814155
-0.004195077893790571
-0.0045939989961455594
-0.004599520269498815
-0.005011569832257563
-0.005017475359779914
-0.005442032734038694
-0.005448319185179285
-0.005884780027484763
-0.005891442808602885
-0.006339219024736903
-0.006346252366523763
-0.006804771971203793
-0.006812169012021155
-0.0072808759133800105
-0.007288628778532205
-0.0077669824956112
-0.00777508237259742
-0.008262557693469804
-0.008270994903289662
-0.008767081490827331
-0.008775845555434897
-0.009280047507152916
-0.00928912721317274
-0.009800962581022817
-0.009810346039857013
-0.010329346315315346
-0.01033902101978296
-0.01086473058906455
-0.01087468346672436
-0.011406659040486097
-0.011416876503801857
-0.011954686525252528
-0.01196515451876527
-0.012508378553679821
-0.012519082598356048
-0.013067310710114561
-0.013078235945042113
-0.013631068057455342
-0.013642199279060038
-0.01419924452941643
-0.014210566228373264
-0.014771442312839986
-0.014782938708852089
-0.015347271222097435
-0.015358926296715777
-0.015926348067377895
-0.015938145595033055
-0.016508296018437736
-0.016520219595853092
-0.017092743965180502
-0.017104777039333992
-0.017679325876272262
-0.017691451771072297
-0.018267680156844116
-0.018279882098682223
-0.0188574490061949
-0.018869710148535033
-0.019448277776291826
-0.019460581223454374
-0.02003981432952913
-0.020052143163220595
-0.020631708430639592
-0.020644045723989892
