% Coordinates
0                         0
0                         4.9999999999999996E-5
0.0045                    0
0.0045                    4.9999999999999996E-5
0.009                     0
0.009                     4.9999999999999996E-5
0.0135                    0
0.0135                    4.9999999999999996E-5
0.018                     0
0.018                     4.9999999999999996E-5
0.0225                    0
0.0225                    4.9999999999999996E-5
0.027                     0
0.027                     4.9999999999999996E-5
0.0315                    0
0.0315                    4.9999999999999996E-5
0.036                     0
0.036                     4.9999999999999996E-5
0.040499999999999994      0
0.040499999999999994      4.9999999999999996E-5
0.045                     0
0.045                     4.9999999999999996E-5
% Elements (points)
1
2
3
4
5
6
7
8
9
10
11
12
13
14
15
16
17
18
19
20
21
22
% Data (x (m) @ mass_load=0)
0
0
0.0044997924473404215
0.004500133875580185
0.008999439747887462
0.0090000545757221
0.013498855558355427
0.01349968323172912
0.01799802555617386
0.017999013100960314
0.02249697828376621
0.022498080307638297
0.026995763163318663
0.02699694185588746
0.031494434701402264
0.03149565983382582
0.03599304185268672
0.03599429077666563
0.04049162151209119
0.04049287915749941
0.044990195103512653
0.04499145397400096
% Data (y (m) @ mass_load=0)
0
4.9999999999999996E-5
-1.5898859955341677E-5
3.4099974301358965E-5
-5.941174791003607E-5
-9.415527771287594E-6
-1.247485928493823E-4
-7.475544336661824E-5
-2.0680091205467038E-4
-1.5681066509000907E-4
-3.011423813205958E-4
-2.51154527012961E-4
-4.040289469352031E-4
-3.5404284168805253E-4
-5.123988424126344E-4
-4.6241385383028616E-4
-6.238725556229109E-4
-5.738881558516734E-4
-7.367527032509905E-4
-6.867685222315906E-4
-8.500237438341236E-4
-8.000395936445973E-4
% Data (u (m) @ mass_load=0)
0
0
-2.0755265957799221E-7
1.338755801848187E-7
-5.602521125372508E-7
5.457572210104131E-8
-1.1444416445732934E-6
-3.167682708790259E-7
-1.9744438261369636E-6
-9.868990396840744E-7
-3.021716233789161E-6
-1.9196923617016725E-6
-4.23683668133623E-6
-3.0581441125388315E-6
-5.565298597734106E-6
-4.3401661741779335E-6
-6.95814731327434E-6
-5.709223334366072E-6
-8.378487908804018E-6
-7.120842500580482E-6
-9.804896487344064E-6
-8.546025999044064E-6
% Data (v (m) @ mass_load=0)
0
0
-1.5898859955341677E-5
-1.5900025698641027E-5
-5.941174791003607E-5
-5.941552777128759E-5
-1.247485928493823E-4
-1.2475544336661823E-4
-2.0680091205467038E-4
-2.0681066509000906E-4
-3.011423813205958E-4
-3.01154527012961E-4
-4.040289469352031E-4
-4.0404284168805255E-4
-5.123988424126344E-4
-5.124138538302862E-4
-6.238725556229109E-4
-6.238881558516734E-4
-7.367527032509905E-4
-7.367685222315906E-4
-8.500237438341236E-4
-8.500395936445974E-4
% Data (x (m) @ mass_load=0.001)
0
0
0.004499768323615535
0.0045001430742242264
0.00899935579483165
0.009000032999482236
0.013498655068091907
0.013499569944475775
0.017997644868486703
0.017998740326306648
0.022496356547062665
0.02249758326272033
0.026994848376857093
0.026996164862399745
0.03149318669861238
0.0314945593490452
0.03599143295187425
0.035992836054332504
0.040489635575269696
0.04049105126894885
0.04498782569086907
0.044989243877182915
% Data (y (m) @ mass_load=0.001)
0
4.9999999999999996E-5
-1.7429996771225636E-5
3.2568598827992514E-5
-6.528104233509744E-5
-1.528562818053595E-5
-1.3738001767526621E-4
-8.738838798834795E-5
-2.2824248107695226E-4
-1.7825448246931242E-4
-3.3307946402321765E-4
-2.830945143227749E-4
-4.478040783199103E-4
-3.978214124342745E-4
-5.690369127526646E-4
-5.190557578094575E-4
-6.941087166154405E-4
-6.441284073164378E-4
-8.210590824049473E-4
-7.710791282804331E-4
-9.486305747031721E-4
-8.986506912432689E-4
% Data (u (m) @ mass_load=0.001)
0
0
-2.3167638446487466E-7
1.4307422422686504E-7
-6.442051683488964E-7
3.299948223739599E-8
-1.3449319080933739E-6
-4.3005552422429707E-7
-2.3551315132961866E-6
-1.2596736933520264E-6
-3.6434529373353088E-6
-2.416737279668703E-6
-5.1516231429064636E-6
-3.835137600253848E-6
-6.813301387616785E-6
-5.440650954801856E-6
-8.567048125747456E-6
-7.1639456674955845E-6
-1.0364424730301456E-5
-8.948731051144838E-6
-1.2174309130925406E-5
-1.0756122817085668E-5
% Data (v (m) @ mass_load=0.001)
0
0
-1.7429996771225636E-5
-1.7431401172007482E-5
-6.528104233509744E-5
-6.528562818053595E-5
-1.3738001767526621E-4
-1.3738838798834794E-4
-2.2824248107695226E-4
-2.282544824693124E-4
-3.3307946402321765E-4
-3.330945143227749E-4
-4.478040783199103E-4
-4.4782141243427444E-4
-5.690369127526646E-4
-5.690557578094575E-4
-6.941087166154405E-4
-6.941284073164379E-4
-8.210590824049473E-4
-8.210791282804331E-4
-9.486305747031721E-4
-9.486506912432689E-4
% Data (x (m) @ mass_load=0.005)
0
0
0.0044996348903692
0.004500179467467106
0.008998845155147095
0.008999844879901553
0.01349736742875042
0.013498740292809014
0.017995109251455213
0.017996780847951546
0.022492095554785384
0.02249399908626172
0.026988425225347886
0.02699050150203018
0.03148423679872642
0.03148643423202134
0.035979682249206085
0.035981956842814924
0.04047490783989205
0.0404772231793844
0.044970040996580044
0.044972368237856476
% Data (y (m) @ mass_load=0.005)
0
4.9999999999999996E-5
-2.519813617050272E-5
2.4798898106941164E-5
-9.533186536871223E-5
-4.534186030421433E-5
-2.0268063624389826E-4
-1.5269948682461484E-4
-3.402064424746418E-4
-2.902343921236066E-4
-5.015555977900423E-4
-4.5159184474776457E-4
-6.810590201267357E-4
-6.311021474778823E-4
-8.737318831406214E-4
-8.237801931167575E-4
-0.0010752729551384759
-0.0010253247192109358
-0.0012820637628791875
-0.0012321173993464646
-0.0014911676289039353
-0.0014412218185094411
% Data (u (m) @ mass_load=0.005)
0
0
-3.6510963079980954E-7
1.7946746710652202E-7
-1.1548448529041209E-6
-1.5512009844635535E-7
-2.632571249578769E-6
-1.2597071909856258E-6
-4.89074854478724E-6
-3.219152048453743E-6
-7.904445214614125E-6
-6.000913738278815E-6
-1.1574774652112455E-5
-9.498497969818141E-6
-1.5763201273584782E-5
-1.3565767978657725E-5
-2.031775079391133E-5
-1.804315718506954E-5
-2.5092160107943704E-5
-2.277682061559412E-5
-2.995900341995806E-5
-2.7631762143525103E-5
% Data (v (m) @ mass_load=0.005)
0
0
-2.519813617050272E-5
-2.520110189305883E-5
-9.533186536871223E-5
-9.534186030421432E-5
-2.0268063624389826E-4
-2.0269948682461483E-4
-3.402064424746418E-4
-3.402343921236066E-4
-5.015555977900423E-4
-5.015918447477646E-4
-6.810590201267357E-4
-6.811021474778823E-4
-8.737318831406214E-4
-8.737801931167575E-4
-0.0010752729551384759
-0.0010753247192109357
-0.0012820637628791875
-0.0012821173993464645
-0.0014911676289039353
-0.001491221818509441
% Data (x (m) @ mass_load=0.01)
0
0
0.004499453118508086
0.004500199582734807
0.008998068272187248
0.00899945033390988
0.013495310913103083
0.013497225073314145
0.017990955111724407
0.017993305523328288
0.02248500066310541
0.022487699165267105
0.02697760318818031
0.02698056931588685
0.031469016352532596
0.031472177329852316
0.03595954519468807
0.03596283591550827
0.040449509542364974
0.04045287254012722
0.04493921647270657
0.044942601881297346
% Data (y (m) @ mass_load=0.01)
0
4.9999999999999996E-5
-3.4440428273326304E-5
1.555399933367651E-5
-1.3102229867379745E-4
-8.10414026005078E-5
-2.800912873109243E-4
-2.3012794024489456E-4
-4.726779107968761E-4
-4.227331851823999E-4
-7.00502711858657E-4
-6.505755836695204E-4
-9.55978219361555E-4
-9.060662756896898E-4
-0.0012322090965627256
-0.00118230911411055
-0.0015229910139258687
-0.0014730994196936371
-0.0018228084634755314
-0.0017729216894291216
-0.002126831657969538
-0.00207694639976302
% Data (u (m) @ mass_load=0.01)
0
0
-5.468814919142567E-7
1.9958273480760508E-7
-1.9317278127506628E-6
-5.496660901189871E-7
-4.6890868969172355E-6
-2.7749266858550387E-6
-9.044888275592865E-6
-6.694476671710339E-6
-1.4999336894589164E-5
-1.2300834732892238E-5
-2.2396811819689167E-5
-1.9430684113148494E-5
-3.098364746740467E-5
-2.7822670147681514E-5
-4.0454805311929855E-5
-3.716408449172364E-5
-5.0490457635018584E-5
-4.7127459872775776E-5
-6.0783527293426625E-5
-5.7398118702649315E-5
% Data (v (m) @ mass_load=0.01)
0
0
-3.4440428273326304E-5
-3.4446000666323484E-5
-1.3102229867379745E-4
-1.310414026005078E-4
-2.800912873109243E-4
-2.8012794024489455E-4
-4.726779107968761E-4
-4.727331851823999E-4
-7.00502711858657E-4
-7.005755836695204E-4
-9.55978219361555E-4
-9.560662756896898E-4
-0.0012322090965627256
-0.00123230911411055
-0.0015229910139258687
-0.001523099419693637
-0.0018228084634755314
-0.0018229216894291216
-0.002126831657969538
-0.00212694639976302
% Data (x (m) @ mass_load=0.02)
0
0
0.00449901712777958
0.004500164948037933
0.008995973198345284
0.008998114931123692
0.013489513492807378
0.013492502468407016
0.017978983015473543
0.01798268039921579
0.022464269399711627
0.022468544340746098
0.026945664718529373
0.026950394409266252
0.0314237456656931
0.03142881533542287
0.035899271275703824
0.035904574130611974
0.04037309725882308
0.04037853437528672
0.04484610588929293
0.044851586070214534
% Data (y (m) @ mass_load=0.02)
0
4.9999999999999996E-5
-5.281583652400077E-5
-2.8290131627015157E-6
-2.0195846397427617E-4
-1.5200435433384356E-4
-4.3388972459692426E-4
-3.839791435833308E-4
-7.35763825727334E-4
-6.859007190707343E-4
-0.0010954467938793582
-0.0010456298800025847
-0.001501525721756555
-0.0014517499241218413
-0.0019433111274319344
-0.0018935688071257245
-0.002410834001636108
-0.002361115999974398
-0.002894838346152129
-0.0028451348488159603
-0.003386769884634342
-0.00333707111709161
% Data (u (m) @ mass_load=0.02)
0
0
-9.828722204200546E-7
1.6494803793340622E-7
-4.0268016547163286E-6
-1.8850688763067156E-6
-1.0486507192621604E-5
-7.49753159298288E-6
-2.1016984526454262E-5
-1.7319600784210322E-5
-3.573060028837196E-5
-3.145565925389965E-5
-5.4335281470625935E-5
-4.960559073374623E-5
-7.625433430689763E-5
-7.118466457713107E-5
-1.007287242961743E-4
-9.542586938802139E-5
-1.2690274117691452E-4
-1.214656247132728E-4
-1.5389411070706815E-4
-1.484139297854654E-4
% Data (v (m) @ mass_load=0.02)
0
0
-5.281583652400077E-5
-5.282901316270151E-5
-2.0195846397427617E-4
-2.0200435433384356E-4
-4.3388972459692426E-4
-4.3397914358333074E-4
-7.35763825727334E-4
-7.359007190707343E-4
-0.0010954467938793582
-0.0010956298800025846
-0.001501525721756555
-0.0015017499241218413
-0.0019433111274319344
-0.0019435688071257244
-0.002410834001636108
-0.002411115999974398
-0.002894838346152129
-0.0028951348488159604
-0.003386769884634342
-0.00338707111709161
% Data (x (m) @ mass_load=0.06)
0
0
0.004496343284308139
0.004499066938507824
0.008980664424998615
0.008985781521829397
0.013444814691652025
0.013452000899737967
0.017884412320003967
0.017893353416292068
0.022298165895286756
0.022308559655454537
0.026687246270341868
0.026698803154026896
0.031054715552989588
0.031067158510162538
0.03540501466015906
0.035418078332626675
0.03974350664224426
0.03975693618489416
0.04407607044297698
0.04408962015074269
% Data (y (m) @ mass_load=0.06)
0
4.9999999999999996E-5
-1.2499086023373755E-4
-7.506509802518091E-5
-4.801944361469129E-4
-4.3045696992229804E-4
-0.0010361135141909346
-9.866326225883555E-4
-0.0017640126159921398
-0.0017148185409664965
-0.002636157816972559
-0.0025872500468810695
-0.003625930318448135
-0.0035772842633731033
-0.00470784664567442
-0.004659419658751491
-0.005857512461517356
-0.005809249217563569
-0.007051532381412842
-0.007003369662669986
-0.008267394111020693
-0.008219265060403854
% Data (u (m) @ mass_load=0.06)
0
0
-3.6567156918605905E-6
-9.330614921753821E-7
-1.9335575001384106E-5
-1.42184781706027E-5
-5.518530834797475E-5
-4.79991002620326E-5
-1.1558767999603061E-4
-1.066465837079328E-4
-2.018341047132438E-4
-1.9144034454546377E-4
-3.127537296581299E-4
-3.011968459731057E-4
-4.452844470104131E-4
-4.328414898374622E-4
-5.949853398409392E-4
-5.819216673733202E-4
-7.564933577557338E-4
-7.430638151058295E-4
-9.239295570230155E-4
-9.103798492573054E-4
% Data (v (m) @ mass_load=0.06)
0
0
-1.2499086023373755E-4
-1.250650980251809E-4
-4.801944361469129E-4
-4.8045696992229806E-4
-0.0010361135141909346
-0.0010366326225883554
-0.0017640126159921398
-0.0017648185409664965
-0.002636157816972559
-0.0026372500468810696
-0.003625930318448135
-0.0036272842633731034
-0.00470784664567442
-0.00470941965875149
-0.005857512461517356
-0.005859249217563569
-0.007051532381412842
-0.007053369662669986
-0.008267394111020693
-0.008269265060403853
% Data (x (m) @ mass_load=0.2)
0
0
0.004480036691096625
0.004487280063254689
0.00887468275329785
0.008888140457400509
0.013129056684262203
0.013147695082867233
0.01721647068349851
0.01723931925331915
0.021132009465619602
0.021158192400979634
0.02488671556859548
0.02491545957064598
0.028502797636485395
0.028533424681982042
0.03200991289869294
0.032041824455221884
0.035442384374529186
0.035475041313001374
0.03883713465801775
0.03887003541968907
% Data (y (m) @ mass_load=0.2)
0
4.9999999999999996E-5
-3.3309871503911666E-4
-2.836261600455682E-4
-0.0012718502856584374
-0.0012236954234826128
-0.002722876260895077
-0.0026764800279011442
-0.004595777828935738
-0.00455130375811882
-0.006807440079366724
-0.006764843673409846
-0.0092837361278814
-0.009242824246262897
-0.01195950078264808
-0.01191997884401523
-0.014777460891770235
-0.014738968658968935
-0.01768660114838167
-0.017648739250825014
-0.02064026669405264
-0.020602616477996768
% Data (u (m) @ mass_load=0.2)
0
0
-1.9963308903374815E-5
-1.2719936745310414E-5
-1.253172467021505E-4
-1.1185954259948939E-4
-3.709433157377982E-4
-3.52304917132767E-4
-7.835293165014887E-4
-7.606807466808502E-4
-0.0013679905343803964
-0.0013418075990203652
-0.00211328443140452
-0.0020845404293540204
-0.0029972023635146056
-0.0029665753180179565
-0.003990087101307058
-0.003958175544778113
-0.0050576156254708085
-0.005024958686998617
-0.006162865341982252
-0.006129964580310927
% Data (v (m) @ mass_load=0.2)
0
0
-3.3309871503911666E-4
-3.336261600455682E-4
-0.0012718502856584374
-0.0012736954234826127
-0.002722876260895077
-0.0027264800279011444
-0.004595777828935738
-0.00460130375811882
-0.006807440079366724
-0.006814843673409845
-0.0092837361278814
-0.009292824246262897
-0.01195950078264808
-0.01196997884401523
-0.014777460891770235
-0.014788968658968935
-0.01768660114838167
-0.017698739250825015
-0.02064026669405264
-0.02065261647799677
