% Coordinates
0                         0
0                         5.0E-5
0.010000000000000002      0
0.010000000000000002      5.0E-5
0.020000000000000004      0
0.020000000000000004      5.0E-5
0.030000000000000006      0
0.030000000000000006      5.0E-5
0.04000000000000001       0
0.04000000000000001       5.0E-5
0.05000000000000001       0
0.05000000000000001       5.0E-5
0.06000000000000001       0
0.06000000000000001       5.0E-5
0.07                      0
0.07                      5.0E-5
0.08000000000000002       0
0.08000000000000002       5.0E-5
0.09000000000000002       0
0.09000000000000002       5.0E-5
0.10000000000000002       0
0.10000000000000002       5.0E-5
% Elements (points)
1
2
3
4
5
6
7
8
9
10
11
12
13
14
15
16
17
18
19
20
21
22
% Data (x (m) @ mass_load=0)
0
0
0.009994798520437281
0.009997155069585408
0.019972811073953718
0.01997677542292653
0.02993181303763157
0.029936722415876204
0.03987866388030656
0.03988394181024272
0.04982336853011007
0.049828522653428936
0.05977509906086113
0.05977971895385941
0.06973985880369901
0.0697436147832251
0.07971948799710547
0.07972213121533442
0.08971173940739824
0.08971310287972296
0.09971117154406926
0.09971117154406926
% Data (y (m) @ mass_load=0)
0
5.0E-5
-2.4878131468043736E-4
-1.9883687873368413E-4
-8.925922722954325E-4
-8.427496796439822E-4
-0.0017902451901447437
-0.0017404867926843876
-0.002817856923553979
-0.00276813626811918
-0.0038685866802859754
-0.003818853038430511
-0.004852180704843806
-0.0048023945954411
-0.005694627684907982
-0.005644768957598061
-0.006338052498584523
-0.006288122413079432
-0.0067408413265898064
-0.006690859920552618
-0.006877882458728021
-0.006827882458728021
% Data (u (m) @ mass_load=0)
0
0
-5.201479562721339E-6
-2.8449304145938786E-6
-2.718892604628685E-5
-2.3224577073473296E-5
-6.818696236843797E-5
-6.327758412380058E-5
-1.2133611969344792E-4
-1.1605818975728566E-4
-1.7663146988994055E-4
-1.7147734657107526E-4
-2.2490093913888324E-4
-2.2028104614060207E-4
-2.6014119630099854E-4
-2.5638521677489706E-4
-2.805120028945371E-4
-2.7786878466559136E-4
-2.8826059260178723E-4
-2.868971202770601E-4
-2.8882845593075336E-4
-2.8882845593075336E-4
% Data (v (m) @ mass_load=0)
0
0
-2.4878131468043736E-4
-2.488368787336841E-4
-8.925922722954325E-4
-8.927496796439822E-4
-0.0017902451901447437
-0.0017904867926843875
-0.002817856923553979
-0.0028181362681191802
-0.0038685866802859754
-0.003868853038430511
-0.004852180704843806
-0.0048523945954410995
-0.005694627684907982
-0.005694768957598061
-0.006338052498584523
-0.006338122413079432
-0.0067408413265898064
-0.006740859920552618
-0.006877882458728021
-0.006877882458728021
% Data (x (m) @ mass_load=0.001)
0
0
0.009994540475446761
0.009996962202125157
0.019971340468175714
0.019975414555188774
0.029928046638292377
0.029933092414964425
0.03987187310525355
0.03987730065463513
0.0498133105772827
0.049818618372699665
0.05976197823165617
0.05976674834887988
0.06972425128238764
0.06972814455241359
0.07970223703311038
0.07970499074553258
0.08969375224445725
0.08969518126082551
0.09969308955814427
0.09969308955814427
% Data (y (m) @ mass_load=0.001)
0
5.0E-5
-2.556504749490585E-4
-2.0570915696895E-4
-9.172782687312404E-4
-8.674445260914378E-4
-0.0018398067563712588
-0.0017900620057228237
-0.0028962029523987506
-0.0028464984075543213
-0.003977389759495755
-0.003927672284003919
-0.004991505367057045
-0.004941733426848601
-0.0058628965850141415
-0.005813048390593727
-0.006531372867950467
-0.00648144875458904
-0.006952097466277324
-0.0069021178913059285
-0.007096045160793596
-0.007046045160793596
% Data (u (m) @ mass_load=0.001)
0
0
-5.459524553241013E-6
-3.037797874844394E-6
-2.865953182428873E-5
-2.4585444811228597E-5
-7.195336170762797E-5
-6.690758503557885E-5
-1.2812689474645341E-4
-1.2269934536487647E-4
-1.8668942271730853E-4
-1.8138162730034553E-4
-2.3802176834384524E-4
-2.332516511201367E-4
-2.757487176123657E-4
-2.718554475864152E-4
-2.9776296688963436E-4
-2.9500925446743274E-4
-3.062477555427777E-4
-3.0481873917451E-4
-3.069104418557547E-4
-3.069104418557547E-4
% Data (v (m) @ mass_load=0.001)
0
0
-2.556504749490585E-4
-2.5570915696895E-4
-9.172782687312404E-4
-9.174445260914378E-4
-0.0018398067563712588
-0.0018400620057228236
-0.0028962029523987506
-0.0028964984075543214
-0.003977389759495755
-0.003977672284003918
-0.004991505367057045
-0.004991733426848601
-0.0058628965850141415
-0.005863048390593727
-0.006531372867950467
-0.006531448754589039
-0.006952097466277324
-0.006952117891305928
-0.007096045160793596
-0.007096045160793596
% Data (x (m) @ mass_load=0.005)
0
0
0.009992829866272954
0.009995654826603606
0.01996108113686288
0.01996587518284477
0.0299005446723362
0.029906539949039412
0.03982030049449051
0.03982681803616103
0.04973474074399303
0.04974118701985546
0.059657945345569056
0.059663808409325975
0.06960004992260252
0.06960489699543329
0.0795652724289223
0.07956874961063386
0.08955132098215217
0.08955315479380274
0.09954994912792266
0.09954994912792266
% Data (y (m) @ mass_load=0.005)
0
5.0E-5
-2.9739352534025086E-4
-2.4747339305767333E-4
-0.0010727658275643617
-0.001022996185750214
-0.00216368276196971
-0.002114043495331376
-0.0034255235074936554
-0.0033759501093930727
-0.0047311122693589995
-0.004681529553852818
-0.005969951189290016
-0.00592029613302035
-0.007047577893842577
-0.00699781338861219
-0.00788529569793936
-0.007835416751797088
-0.00842031433479494
-0.008370347974677127
-0.008606165674474774
-0.008556165674474774
% Data (u (m) @ mass_load=0.005)
0
0
-7.170133727047899E-6
-4.345173396395227E-6
-3.891886313712423E-5
-3.412481715523111E-5
-9.945532766380241E-5
-9.346005096059283E-5
-1.7969950550950214E-4
-1.7318196383897666E-4
-2.6525925600697745E-4
-2.588129801445551E-4
-3.420546544309561E-4
-3.3619159067403514E-4
-3.9995007739748457E-4
-3.951030045667107E-4
-4.347275710777075E-4
-4.312503893661533E-4
-4.4867901784785227E-4
-4.4684520619728464E-4
-4.5005087207736834E-4
-4.5005087207736834E-4
% Data (v (m) @ mass_load=0.005)
0
0
-2.9739352534025086E-4
-2.9747339305767335E-4
-0.0010727658275643617
-0.001072996185750214
-0.00216368276196971
-0.0021640434953313762
-0.0034255235074936554
-0.003425950109393073
-0.0047311122693589995
-0.004731529553852818
-0.005969951189290016
-0.00597029613302035
-0.007047577893842577
-0.007047813388612189
-0.00788529569793936
-0.007885416751797087
-0.00842031433479494
-0.008420347974677127
-0.008606165674474774
-0.008606165674474774
% Data (x (m) @ mass_load=0.01)
0
0
0.009990555312310152
0.00999384768168321
0.01994728696080144
0.019952908039687762
0.029863478115107454
0.029870554872716233
0.039750661749508885
0.03975841340041447
0.04962834772315214
0.04963608058565484
0.059516513188351376
0.059523614728907624
0.0694304304199128
0.06943636534915672
0.0793774585646985
0.07938176801994995
0.0893555177401283
0.08935782133450365
0.099353030784878
0.099353030784878
% Data (y (m) @ mass_load=0.01)
0
5.0E-5
-3.459137602531966E-4
-2.960222749301093E-4
-0.0012524845286472574
-0.0012028014974571155
-0.0025359468242991084
-0.002486450161723863
-0.0040310053383844
-0.003981609872967227
-0.005590327522758597
-0.005540929112616694
-0.007083373359040575
-0.007033880246400822
-0.008395384314985776
-0.008345737797678934
-0.009426910417200158
-0.009377096476881454
-0.01009394897599997
-0.010044002069614328
-0.010328564342654972
-0.010278564342654973
% Data (u (m) @ mass_load=0.01)
0
0
-9.444687689849583E-6
-6.15231831679192E-6
-5.2713039198564535E-5
-4.709196031224177E-5
-1.3652188489255194E-4
-1.2944512728377229E-4
-2.493382504911258E-4
-2.4158659958553453E-4
-3.716522768478727E-4
-3.6391941434516363E-4
-4.8348681164863663E-4
-4.7638527109238537E-4
-5.695695800872065E-4
-5.636346508432912E-4
-6.225414353015207E-4
-6.182319800500668E-4
-6.444822598717259E-4
-6.421786654963752E-4
-6.469692151220114E-4
-6.469692151220114E-4
% Data (v (m) @ mass_load=0.01)
0
0
-3.459137602531966E-4
-3.460222749301093E-4
-0.0012524845286472574
-0.0012528014974571154
-0.0025359468242991084
-0.002536450161723863
-0.0040310053383844
-0.0040316098729672265
-0.005590327522758597
-0.0055909291126166934
-0.007083373359040575
-0.0070838802464008215
-0.008395384314985776
-0.008395737797678934
-0.009426910417200158
-0.009427096476881454
-0.01009394897599997
-0.010094002069614328
-0.010328564342654972
-0.010328564342654972
% Data (x (m) @ mass_load=0.02)
0
0
0.009985178272751694
0.009989389170579241
0.019914118244017353
0.019921358696941453
0.02977375136527664
0.02978293868110327
0.03958118749689581
0.03959134243612837
0.049368078740440705
0.049378316032917535
0.059168731329836015
0.05917824693275915
0.0690113154343577
0.0690193766855325
0.07891158035493426
0.07891752218105695
0.08886870118864451
0.08887192921233833
0.09886310594792097
0.09886310594792097
% Data (y (m) @ mass_load=0.02)
0
5.0E-5
-4.4135509538900165E-4
-3.915327274372937E-4
-0.0016052343921366204
-0.001555761409678304
-0.003265016297431761
-0.0032158676110188053
-0.005214645655980995
-0.005165687741827232
-0.007267901108703175
-0.007218960348714032
-0.009256047720573432
-0.009206961536842405
-0.011025510317889536
-0.010976164433139323
-0.012436483447915698
-0.012386837755302593
-0.013362870614024943
-0.013312974924101455
-0.013693533886602969
-0.01364353388660297
% Data (u (m) @ mass_load=0.02)
0
0
-1.4821727248307947E-5
-1.0610829420761387E-5
-8.58817559826517E-5
-7.864130305855089E-5
-2.2624863472336517E-4
-2.1706131889673538E-4
-4.1881250310419493E-4
-4.086575638716342E-4
-6.319212595593067E-4
-6.216839670824733E-4
-8.312686701639991E-4
-8.217530672408621E-4
-9.886845656423002E-4
-9.80623314467514E-4
-0.0010884196450657625
-0.0010824778189430704
-0.0011312988113555103
-0.0011280707876617014
-0.0011368940520790477
-0.0011368940520790477
% Data (v (m) @ mass_load=0.02)
0
0
-4.4135509538900165E-4
-4.4153272743729374E-4
-0.0016052343921366204
-0.001605761409678304
-0.003265016297431761
-0.0032658676110188054
-0.005214645655980995
-0.005215687741827232
-0.007267901108703175
-0.007268960348714031
-0.009256047720573432
-0.009256961536842405
-0.011025510317889536
-0.011026164433139323
-0.012436483447915698
-0.012436837755302592
-0.013362870614024943
-0.013362974924101455
-0.013693533886602969
-0.013693533886602969
% Data (x (m) @ mass_load=0.06)
0
0
0.009954616155010972
0.009962230392034284
0.01972139836390326
0.019734541655551933
0.029249846268110585
0.029266613417200816
0.03858776714879181
0.03860647144400134
0.047834398887085655
0.04785352481616381
0.05710548697890994
0.057123614628897354
0.06650634594768
0.06652207970141744
0.07610856851001054
0.07612049067076164
0.08592744643313771
0.085934113416762
0.09589951452308916
0.09589951452308916
% Data (y (m) @ mass_load=0.06)
0
5.0E-5
-7.965699153680882E-4
-7.471530815285057E-4
-0.002905310042927693
-0.00285706841842695
-0.005925659428992363
-0.005878554616058822
-0.009498908310743006
-0.009452538597512638
-0.013306067821532996
-0.01325987041981262
-0.017054898882030448
-0.017008300713923306
-0.020464827411587404
-0.02041736743191329
-0.02325488245879084
-0.023206324632536874
-0.02513837895663276
-0.02508882543600892
-0.025827934597741888
-0.025777934597741886
% Data (u (m) @ mass_load=0.06)
0
0
-4.5383844989029054E-5
-3.776960796571823E-5
-2.78601636096743E-4
-2.6545834444806945E-4
-7.501537318894192E-4
-7.333865827991899E-4
-0.0014122328512082031
-0.0013935285559986683
-0.0021656011129143524
-0.0021464751838362
-0.002894513021090071
-0.00287638537110266
-0.0034936540523200056
-0.0034779202985825734
-0.0038914314899894773
-0.003879509329238371
-0.00407255356686232
-0.004065886583238022
-0.004100485476910855
-0.004100485476910855
% Data (v (m) @ mass_load=0.06)
0
0
-7.965699153680882E-4
-7.971530815285057E-4
-0.002905310042927693
-0.0029070684184269503
-0.005925659428992363
-0.005928554616058822
-0.009498908310743006
-0.009502538597512638
-0.013306067821532996
-0.01330987041981262
-0.017054898882030448
-0.017058300713923308
-0.020464827411587404
-0.02046736743191329
-0.02325488245879084
-0.023256324632536875
-0.02513837895663276
-0.02513882543600892
-0.025827934597741888
-0.025827934597741888
% Data (x (m) @ mass_load=0.2)
0
0
0.009791180596828545
0.009807643735164675
0.018707274798155534
0.018734572278424455
0.0265713672910233
0.026604997323776778
0.03362073899316838
0.03365753467412133
0.04025761468596805
0.04029526820989885
0.04693027232606637
0.046966754120319254
0.0540755485205556
0.05410855428068522
0.06206090368235508
0.06208734877079734
0.07107167505698411
0.07108737320682844
0.08089903711152192
0.08089903711152192
% Data (y (m) @ mass_load=0.2)
0
5.0E-5
-0.0017410098664309218
-0.001693797948645283
-0.006201454145416909
-0.006159563237455213
-0.01235468019568771
-0.012317679902071884
-0.01943951914483714
-0.019405665351499877
-0.026918363877375753
-0.026885466856277837
-0.03436702376074338
-0.034332831945569985
-0.041360946025753964
-0.04132338779507279
-0.04736864381146806
-0.04732620965190183
-0.051664359659448024
-0.05161688789720124
-0.05331762982112783
-0.05326762982112783
% Data (u (m) @ mass_load=0.2)
0
0
-2.0881940317145616E-4
-1.923562648353269E-4
-0.0012927252018444684
-0.0012654277215755493
-0.003428632708976706
-0.0033950026762232283
-0.006379261006831628
-0.006342465325878679
-0.00974238531403196
-0.009704731790101161
-0.01306972767393364
-0.013033245879680756
-0.015924451479444407
-0.015891445719314785
-0.017939096317644933
-0.017912651229202672
-0.018928324943015915
-0.01891262679317159
-0.0191009628884781
-0.0191009628884781
% Data (v (m) @ mass_load=0.2)
0
0
-0.0017410098664309218
-0.0017437979486452828
-0.006201454145416909
-0.006209563237455213
-0.01235468019568771
-0.012367679902071884
-0.01943951914483714
-0.01945566535149988
-0.026918363877375753
-0.02693546685627784
-0.03436702376074338
-0.034382831945569986
-0.041360946025753964
-0.04137338779507279
-0.04736864381146806
-0.047376209651901834
-0.051664359659448024
-0.05166688789720124
-0.05331762982112783
-0.05331762982112783
