% Coordinates
0                         0
0                         4.9999999999999996E-5
0.00225                   0
0.00225                   4.9999999999999996E-5
0.0045                    0
0.0045                    4.9999999999999996E-5
0.00675                   0
0.00675                   4.9999999999999996E-5
0.009                     0
0.009                     4.9999999999999996E-5
0.01125                   0
0.01125                   4.9999999999999996E-5
0.0135                    0
0.0135                    4.9999999999999996E-5
0.01575                   0
0.01575                   4.9999999999999996E-5
0.018                     0
0.018                     4.9999999999999996E-5
0.020249999999999997      0
0.020249999999999997      4.9999999999999996E-5
0.0225                    0
0.0225                    4.9999999999999996E-5
0.024749999999999998      0
0.024749999999999998      4.9999999999999996E-5
0.027                     0
0.027                     4.9999999999999996E-5
0.029249999999999998      0
0.029249999999999998      4.9999999999999996E-5
0.0315                    0
0.0315                    4.9999999999999996E-5
0.033749999999999995      0
0.033749999999999995      4.9999999999999996E-5
0.036                     0
0.036                     4.9999999999999996E-5
0.03825                   0
0.03825                   4.9999999999999996E-5
0.040499999999999994      0
0.040499999999999994      4.9999999999999996E-5
0.042749999999999996      0
0.042749999999999996      4.9999999999999996E-5
0.045                     0
0.045                     4.9999999999999996E-5
% Elements (points)
1
2
3
4
5
6
7
8
9
10
11
12
13
14
15
16
17
18
19
20
21
22
23
24
25
26
27
28
29
30
31
32
33
34
35
36
37
38
39
40
41
42
% Data (x (m) @ mass_load=0)
0
0
0.002249939486606271
0.0022500562596787206
0.004499877038189154
0.00450009267376181
0.006749805932274009
0.006750103400217643
0.00899972340072559
0.009000086617305626
0.011249629642424307
0.011250043470461147
0.013499526939797196
0.013499977188675075
0.015749418904290644
0.015749892329896036
0.01799930984271147
0.017999794147323785
0.02024920423638156
0.02024968806853166
0.02249910632503941
0.022499579279352665
0.024749019787410568
0.024749472404456737
0.02699894751036475
0.026999371276539404
0.02924889143858465
0.029249278786041062
0.031498852496686804
0.031499196803324726
0.03374883057574947
0.03374912616525397
0.03599882457621065
0.03599906671812527
0.03824883249909888
0.03824901740891474
0.040498851577554264
0.04049897641679867
0.04274887844059012
0.042748941316902475
0.04499890928463685
0.04499890928463685
% Data (y (m) @ mass_load=0)
0
4.9999999999999996E-5
-2.695213932166124E-6
4.730464971686459E-5
-1.0239935959950595E-5
3.975959950917537E-5
-2.1846695931809912E-5
2.815241962153165E-5
-3.6770468825814185E-5
1.3228212302164973E-5
-5.430881170022057E-5
-4.310523881981196E-6
-7.380186802116755E-5
-2.3803894942662894E-5
-9.463236775454349E-5
-4.463460878649175E-5
-1.1622562475402283E-4
-6.622797000627038E-5
-1.3804953227213206E-4
-8.805187297450718E-5
-1.596145572920835E-4
-1.0961679393704701E-4
-1.8047373455556034E-4
-1.3047578298219336E-4
-2.0022266136919463E-4
-1.5022445696810332E-4
-2.184994942032008E-4
-1.6850099442173715E-4
-2.3498494766976196E-4
-1.8498613299663987E-4
-2.4940229586142143E-4
-1.994031694695141E-4
-2.6151737552128205E-4
-2.1151796174723997E-4
-2.711385902535741E-4
-2.211389320929177E-4
-2.781169149803609E-4
-2.281170707768117E-4
-2.823458999898567E-4
-2.3234593949809394E-4
-2.8376173593021726E-4
-2.3376173593021727E-4
% Data (u (m) @ mass_load=0)
0
0
-6.051339372886246E-8
5.6259678720625164E-8
-1.2296181084556103E-7
9.267376181001337E-8
-1.940677259911075E-7
1.0340021764359505E-7
-2.7659927440962586E-7
8.661730562667363E-8
-3.7035757569172605E-7
4.347046114704986E-8
-4.730602028042364E-7
-2.281132492505174E-8
-5.810957093555847E-7
-1.0767010396557305E-7
-6.901572885255349E-7
-2.058526762130182E-7
-7.957636184356715E-7
-3.1193146833636445E-7
-8.936749605875541E-7
-4.207206473344308E-7
-9.802125894283943E-7
-5.275955432614088E-7
-1.0524896352503282E-6
-6.28723460594433E-7
-1.108561415349367E-6
-7.212139589360511E-7
-1.1475033131987403E-6
-8.031966752740491E-7
-1.1694242505271116E-6
-8.738347460268671E-7
-1.175423789347272E-6
-9.33281874729583E-7
-1.1675009011203761E-6
-9.825910852623306E-7
-1.148422445732498E-6
-1.0235832013215887E-6
-1.121559409880273E-6
-1.0586830975179637E-6
-1.0907153631452923E-6
-1.0907153631452923E-6
% Data (v (m) @ mass_load=0)
0
0
-2.695213932166124E-6
-2.695350283135403E-6
-1.0239935959950595E-5
-1.0240400490824623E-5
-2.1846695931809912E-5
-2.1847580378468347E-5
-3.6770468825814185E-5
-3.677178769783502E-5
-5.430881170022057E-5
-5.431052388198119E-5
-7.380186802116755E-5
-7.380389494266289E-5
-9.463236775454349E-5
-9.463460878649175E-5
-1.1622562475402283E-4
-1.1622797000627037E-4
-1.3804953227213206E-4
-1.3805187297450717E-4
-1.596145572920835E-4
-1.59616793937047E-4
-1.8047373455556034E-4
-1.8047578298219336E-4
-2.0022266136919463E-4
-2.0022445696810332E-4
-2.184994942032008E-4
-2.1850099442173715E-4
-2.3498494766976196E-4
-2.3498613299663987E-4
-2.4940229586142143E-4
-2.494031694695141E-4
-2.6151737552128205E-4
-2.6151796174723996E-4
-2.711385902535741E-4
-2.711389320929177E-4
-2.781169149803609E-4
-2.781170707768117E-4
-2.823458999898567E-4
-2.8234593949809394E-4
-2.8376173593021726E-4
-2.8376173593021726E-4
% Data (x (m) @ mass_load=0.001)
0
0
0.0022499341024366554
0.0022500608880858747
0.004499864816160354
0.004500099411218165
0.006749784147080262
0.006750108451422023
0.008999688708469561
0.009000085571060124
0.011249578609671976
0.011250031830347224
0.013499456455160942
0.013499950785975729
0.015749326482234934
0.01574984762813891
0.017999193829629452
0.017999728448265282
0.02024906392912678
0.020249599629683156
0.022498942011939454
0.022499467353170356
0.024748832721357476
0.02474933720905659
0.02699873982298257
0.026999213907322767
0.02924866600388472
0.029249101077059053
0.03149861275220107
0.03149900114672755
0.033748580308985636
0.03374891529689056
0.035998567684414846
0.03599884347733283
0.038248572730674384
0.0382487844807392
0.040498592263950695
0.04049873606522701
0.04274862222792171
0.04274869511805021
0.04499865787185938
0.04499865787185938
% Data (y (m) @ mass_load=0.001)
0
4.9999999999999996E-5
-2.9243923391106354E-6
4.707544692446588E-5
-1.1124974245264555E-5
3.8874475891918775E-5
-2.3766112785844018E-5
2.623283593489793E-5
-4.0054694149388895E-5
9.943731269012557E-6
-5.924034340878753E-5
-9.242397119916436E-6
-8.061549684096324E-5
-3.061794013026798E-5
-1.0351544991671834E-4
-5.351816554197699E-5
-1.273183699284385E-4
-7.732122782353991E-5
-1.5144526689891554E-4
-1.0144813639756536E-4
-1.7535992366622753E-4
-1.2536268326650393E-4
-1.9856879426004566E-4
-1.4857133911960966E-4
-2.206208865938751E-4
-1.7062313394835467E-4
-2.411076489063909E-4
-1.911095416022696E-4
-2.596628782734314E-4
-2.0966438660219503E-4
-2.7596266436986743E-4
-2.259637863838851E-4
-2.897253742038734E-4
-2.397261346885687E-4
-3.007116757362303E-4
-2.50712124009141E-4
-3.087245917495973E-4
-2.5872479845569533E-4
-3.1360957082085793E-4
-2.636096238954773E-4
-3.1525463182306257E-4
-2.6525463182306254E-4
% Data (u (m) @ mass_load=0.001)
0
0
-6.589756334449248E-8
6.088808587493539E-8
-1.3518383964582395E-7
9.941121816514221E-8
-2.1585291973769552E-7
1.0845142202322916E-7
-3.1129153043867436E-7
8.557106012447461E-8
-4.2139032802367856E-7
3.1830347224830016E-8
-5.435448390573862E-7
-4.9214024271549155E-8
-6.735177650654889E-7
-1.5237186109179675E-7
-8.061703705463033E-7
-2.715517347172429E-7
-9.360708732183588E-7
-4.003703168404256E-7
-1.0579880605438087E-6
-5.326468296434228E-7
-1.1672786425211648E-6
-6.627909434071837E-7
-1.2601770174314925E-6
-7.86092677233216E-7
-1.333996115279904E-6
-8.989229409448838E-7
-1.3872477989315476E-6
-9.988532724468389E-7
-1.4196910143576749E-6
-1.0847031094393066E-6
-1.4323155851532057E-6
-1.1565226671663416E-6
-1.427269325613243E-6
-1.2155192608024634E-6
-1.4077360492986694E-6
-1.2639347729796544E-6
-1.3777720782877306E-6
-1.3048819497836355E-6
-1.3421281406190426E-6
-1.3421281406190426E-6
% Data (v (m) @ mass_load=0.001)
0
0
-2.9243923391106354E-6
-2.9245530755341196E-6
-1.1124974245264555E-5
-1.112552410808122E-5
-2.3766112785844018E-5
-2.3767164065102065E-5
-4.0054694149388895E-5
-4.005626873098744E-5
-5.924034340878753E-5
-5.924239711991643E-5
-8.061549684096324E-5
-8.061794013026798E-5
-1.0351544991671834E-4
-1.0351816554197698E-4
-1.273183699284385E-4
-1.273212278235399E-4
-1.5144526689891554E-4
-1.5144813639756535E-4
-1.7535992366622753E-4
-1.7536268326650393E-4
-1.9856879426004566E-4
-1.9857133911960965E-4
-2.206208865938751E-4
-2.2062313394835466E-4
-2.411076489063909E-4
-2.411095416022696E-4
-2.596628782734314E-4
-2.59664386602195E-4
-2.7596266436986743E-4
-2.759637863838851E-4
-2.897253742038734E-4
-2.897261346885687E-4
-3.007116757362303E-4
-3.00712124009141E-4
-3.087245917495973E-4
-3.0872479845569535E-4
-3.1360957082085793E-4
-3.1360962389547734E-4
-3.1525463182306257E-4
-3.1525463182306257E-4
% Data (x (m) @ mass_load=0.005)
0
0
0.0022499121407398015
0.0022500791875228817
0.004499813354799527
0.004500124208948034
0.006749689347679833
0.006750121626772477
0.008999533544353053
0.009000065822223237
0.011249345419584672
0.011249957232446
0.013499128964077439
0.013499800815466671
0.015748891327496465
0.01574960469102882
0.01799864163218764
0.0179993789513133
0.02024838995056311
0.020249134634948512
0.022498146437789756
0.02249888285656438
0.024747920609982717
0.024748634082773065
0.026997720757051858
0.02699839754426405
0.02924755347907856
0.029248180773090052
0.03149742333573562
0.03149798925443571
0.033747332599568754
0.03374782618312721
0.03599728110545736
0.035997692316498776
0.03824726618978515
0.038247585916508196
0.04049728271349093
0.040497502774814065
0.042747323163185164
0.042747436314729846
0.04499737779379604
0.04499737779379604
% Data (y (m) @ mass_load=0.005)
0
4.9999999999999996E-5
-3.845837683019353E-6
4.615388328287389E-5
-1.4684056104951331E-5
3.531497818617494E-5
-3.148631735306317E-5
1.85118145376197E-5
-5.3266980203173845E-5
-3.2698129277923006E-6
-7.908355770426182E-5
-2.9087300465134992E-5
-1.08036971504083E-4
-5.80414850450416E-5
-1.3927173060497176E-4
-8.927681925656892E-5
-1.719759921049254E-4
-1.2198142833584827E-4
-2.053814764287383E-4
-1.553870218486852E-4
-2.3876323343721378E-4
-1.8876865644599873E-4
-2.7143928566554287E-4
-2.2144437597295972E-4
-3.0277020325055376E-4
-2.5277478351015887E-4
-3.321586823269602E-4
-2.82162617127161E-4
-3.5904919818806504E-4
-3.0905240062537725E-4
-3.82927786350676E-4
-3.3293022237968774E-4
-4.033219754359872E-4
-3.5332366615926296E-4
-4.1980086496047966E-4
-3.698018869988909E-4
-4.3197531625727094E-4
-3.819758003319113E-4
-4.3949820848049006E-4
-3.8949833634332695E-4
-4.4206481675522654E-4
-3.920648167552265E-4
% Data (u (m) @ mass_load=0.005)
0
0
-8.785926019841339E-8
7.918752288202209E-8
-1.8664520047275185E-7
1.2420894803423402E-7
-3.106523201667063E-7
1.216267724772714E-7
-4.6645564694591276E-7
6.582222323746334E-8
-6.545804153281828E-7
-4.2767554000069714E-8
-8.710359225616289E-7
-1.9918453332860063E-7
-1.10867250353387E-6
-3.9530897118039974E-7
-1.3583678123616006E-6
-6.210486867005139E-7
-1.6100494368891885E-6
-8.653650514836864E-7
-1.8535622102439566E-6
-1.1171434356184882E-6
-2.0793900172816343E-6
-1.3659172269330554E-6
-2.2792429481419005E-6
-1.6024557359481674E-6
-2.4465209214385735E-6
-1.8192269099452557E-6
-2.57666426437459E-6
-2.0107455642883226E-6
-2.667400431238909E-6
-2.173816872784877E-6
-2.7188945426399696E-6
-2.3076835012198094E-6
-2.7338102148509517E-6
-2.4140834918055794E-6
-2.7172865090651587E-6
-2.497225185930473E-6
-2.6768368148356953E-6
-2.5636852701471888E-6
-2.6222062039575896E-6
-2.6222062039575896E-6
% Data (v (m) @ mass_load=0.005)
0
0
-3.845837683019353E-6
-3.8461167171261095E-6
-1.4684056104951331E-5
-1.468502181382506E-5
-3.148631735306317E-5
-3.14881854623803E-5
-5.3266980203173845E-5
-5.3269812927792296E-5
-7.908355770426182E-5
-7.908730046513499E-5
-1.08036971504083E-4
-1.080414850450416E-4
-1.3927173060497176E-4
-1.3927681925656892E-4
-1.719759921049254E-4
-1.7198142833584827E-4
-2.053814764287383E-4
-2.053870218486852E-4
-2.3876323343721378E-4
-2.3876865644599873E-4
-2.7143928566554287E-4
-2.714443759729597E-4
-3.0277020325055376E-4
-3.027747835101589E-4
-3.321586823269602E-4
-3.32162617127161E-4
-3.5904919818806504E-4
-3.590524006253772E-4
-3.82927786350676E-4
-3.829302223796877E-4
-4.033219754359872E-4
-4.033236661592629E-4
-4.1980086496047966E-4
-4.1980188699889087E-4
-4.3197531625727094E-4
-4.319758003319113E-4
-4.3949820848049006E-4
-4.394983363433269E-4
-4.4206481675522654E-4
-4.4206481675522654E-4
% Data (x (m) @ mass_load=0.01)
0
0
0.002249883368933112
0.002250101832351791
0.004499742199628611
0.0045001505561448815
0.006749551337983167
0.006750121841716522
0.008999298432742907
0.009000004285529052
0.01124898143463747
0.01124979678703478
0.013498606262637427
0.01349950621419985
0.01574818469066776
0.015749145289737625
0.017997732446750785
0.017998730689914803
0.020247267516508655
0.02024828134782792
0.022496808642883094
0.022497816952995634
0.02474637401386265
0.024747356639063564
0.02699598012996089
0.0269969178513746
0.029245640843190545
0.029246515386143167
0.03149536655934312
0.03149616059301046
0.0337451635954876
0.03374586073284545
0.03599503368470311
0.035995618482760235
0.03824497362012264
0.038245431580388525
0.04049497503038234
0.04049529259951264
0.04274502427855628
0.04274518884912455
0.04499510243231018
0.04499510243231018
% Data (y (m) @ mass_load=0.01)
0
4.9999999999999996E-5
-5.0221399937245675E-6
4.4977382758834617E-5
-1.9230903900332235E-5
3.0767429268883764E-5
-4.1356822890819716E-5
8.63992297720602E-6
-7.017277808737984E-5
-2.0177759925799784E-5
-1.0449429736478627E-4
-5.450094513773939E-5
-1.431795846792803E-4
-9.318768382554074E-5
-1.851295233360617E-4
-1.3513875108140004E-4
-2.2928766094021977E-4
-1.792976262410613E-4
-2.746401816808016E-4
-2.2465046071564888E-4
-3.2021587057645196E-4
-2.702260379668052E-4
-3.650860742135977E-4
-3.150957301573334E-4
-4.083646629430107E-4
-3.583734564438604E-4
-4.4920799963318734E-4
-3.9921564800947525E-4
-4.8681491920186064E-4
-4.3682122405591173E-4
-5.204267212533798E-4
-4.704315810806401E-4
-5.493271759357617E-4
-4.99330595550642E-4
-5.728425414195005E-4
-5.228446383738613E-4
-5.903415905734675E-4
-5.403425987435181E-4
-6.012356443106123E-4
-5.512359148317322E-4
-6.049787774605652E-4
-5.549787774605651E-4
% Data (u (m) @ mass_load=0.01)
0
0
-1.1663106688755499E-7
1.0183235179114734E-7
-2.578003713892843E-7
1.5055614488173317E-7
-4.4866201683296124E-7
1.2184171652264812E-7
-7.01567257092416E-7
4.2855290537257115E-9
-1.01856536252949E-6
-2.0321296521991208E-7
-1.3937373625734622E-6
-4.937858001500859E-7
-1.815309332240339E-6
-8.547102623762545E-7
-2.267553249215668E-6
-1.2693100851944495E-6
-2.73248349134197E-6
-1.7186521720782437E-6
-3.1913571169066407E-6
-2.1830470043665564E-6
-3.6259861373475547E-6
-2.6433609364345416E-6
-4.0198700391107755E-6
-3.0821486253980845E-6
-4.359156809454726E-6
-3.4846138568324952E-6
-4.633440656881787E-6
-3.8394069895409575E-6
-4.836404512396713E-6
-4.139267154550041E-6
-4.9663152968849095E-6
-4.381517239761863E-6
-5.026379877360052E-6
-4.568419611474367E-6
-5.0249696176573615E-6
-4.707400487349399E-6
-4.975721443712115E-6
-4.811150875442448E-6
-4.897567689816657E-6
-4.897567689816657E-6
% Data (v (m) @ mass_load=0.01)
0
0
-5.0221399937245675E-6
-5.02261724116538E-6
-1.9230903900332235E-5
-1.923257073111623E-5
-4.1356822890819716E-5
-4.1360077022793976E-5
-7.017277808737984E-5
-7.017775992579978E-5
-1.0449429736478627E-4
-1.0450094513773939E-4
-1.431795846792803E-4
-1.4318768382554073E-4
-1.851295233360617E-4
-1.8513875108140004E-4
-2.2928766094021977E-4
-2.2929762624106128E-4
-2.746401816808016E-4
-2.746504607156489E-4
-3.2021587057645196E-4
-3.202260379668052E-4
-3.650860742135977E-4
-3.650957301573334E-4
-4.083646629430107E-4
-4.0837345644386037E-4
-4.4920799963318734E-4
-4.492156480094752E-4
-4.8681491920186064E-4
-4.868212240559117E-4
-5.204267212533798E-4
-5.204315810806401E-4
-5.493271759357617E-4
-5.49330595550642E-4
-5.728425414195005E-4
-5.728446383738613E-4
-5.903415905734675E-4
-5.903425987435181E-4
-6.012356443106123E-4
-6.012359148317323E-4
-6.049787774605652E-4
-6.049787774605652E-4
% Data (x (m) @ mass_load=0.02)
0
0
0.002249826939225242
0.0022501422793427613
0.004499592179709657
0.004500183631389035
0.00674924213200588
0.00675007127312148
0.008998749234924663
0.008999778679068253
0.01124810724802362
0.011249300699179206
0.013497326777861942
0.013498649067516888
0.015746431158625358
0.015747848256990653
0.01799545270754286
0.017996931709101615
0.02024442935576743
0.020245938443483148
0.022493401637170368
0.02249491003104091
0.024742410004050593
0.024743887900211398
0.02699149243070511
0.02699291093756739
0.029240682263190158
0.02924201334117811
0.03149000627620048
0.031491222687494415
0.033739482905281865
0.03374055817960945
0.03598912063389868
0.03599002905580917
0.03823891652983311
0.03823963315143865
0.0404888549439029
0.04048935562285087
0.04273890640251941
0.04273916785622856
0.044989026660115956
0.044989026660115956
% Data (y (m) @ mass_load=0.02)
0
4.9999999999999996E-5
-7.240726828420483E-6
4.275827876500161E-5
-2.7788368572118083E-5
2.2208134066364165E-5
-5.989231914774061E-5
-9.899193644435415E-6
-1.0184692987876784E-4
-5.1857528060009675E-5
-1.5199437652246847E-4
-1.0200862157210325E-4
-2.0872677822033782E-4
-1.5874426580446196E-4
-2.7048730137398515E-4
-2.2050738735664602E-4
-3.357700798043235E-4
-2.8579195951972537E-4
-4.03119068608221E-4
-3.531418478663678E-4
-4.7112606264758313E-4
-4.2114882102409733E-4
-5.384281483760149E-4
-4.884499955805822E-4
-6.037048751470869E-4
-5.537250013853137E-4
-6.656754404721989E-4
-6.156931617170121E-4
-7.230961819987233E-4
-6.731109809777135E-4
-7.74758657122789E-4
-7.247702206210526E-4
-8.194885699585852E-4
-7.69496822748827E-4
-8.561457635385957E-4
-8.061508988939804E-4
-8.836253770580205E-4
-8.336278834087815E-4
-9.008599765916136E-4
-8.508606596031937E-4
-9.068223022081873E-4
-8.568223022081873E-4
% Data (u (m) @ mass_load=0.02)
0
0
-1.7306077475757279E-7
1.4227934276138047E-7
-4.078202903423558E-7
1.8363138903602745E-7
-7.57867994119529E-7
7.127312148033748E-8
-1.2507650753352412E-6
-2.213209317460661E-7
-1.8927519763798534E-6
-6.993008207934482E-7
-2.6732221380580808E-6
-1.3509324831128418E-6
-3.568841374643918E-6
-2.151743009347942E-6
-4.547292457138195E-6
-3.0682908983824444E-6
-5.570644232566458E-6
-4.061556516850181E-6
-6.598362829630008E-6
-5.089968959089909E-6
-7.589995949406362E-6
-6.112099788600773E-6
-8.50756929488951E-6
-7.089062432608904E-6
-9.317736809840297E-6
-7.986658821886266E-6
-9.993723799523002E-6
-8.77731250558258E-6
-1.0517094718129291E-5
-9.441820390548946E-6
-1.0879366101311142E-5
-9.970944190827109E-6
-1.1083470166887765E-5
-1.0366848561354133E-5
-1.1145056097092973E-5
-1.06443771491191E-5
-1.1093597480588524E-5
-1.0832143771433238E-5
-1.09733398840453E-5
-1.09733398840453E-5
% Data (v (m) @ mass_load=0.02)
0
0
-7.240726828420483E-6
-7.241721234998389E-6
-2.7788368572118083E-5
-2.779186593363583E-5
-5.989231914774061E-5
-5.989919364443541E-5
-1.0184692987876784E-4
-1.0185752806000967E-4
-1.5199437652246847E-4
-1.5200862157210325E-4
-2.0872677822033782E-4
-2.0874426580446196E-4
-2.7048730137398515E-4
-2.70507387356646E-4
-3.357700798043235E-4
-3.3579195951972534E-4
-4.03119068608221E-4
-4.0314184786636775E-4
-4.7112606264758313E-4
-4.7114882102409735E-4
-5.384281483760149E-4
-5.384499955805823E-4
-6.037048751470869E-4
-6.037250013853137E-4
-6.656754404721989E-4
-6.656931617170121E-4
-7.230961819987233E-4
-7.231109809777136E-4
-7.74758657122789E-4
-7.747702206210526E-4
-8.194885699585852E-4
-8.19496822748827E-4
-8.561457635385957E-4
-8.561508988939804E-4
-8.836253770580205E-4
-8.836278834087816E-4
-9.008599765916136E-4
-9.008606596031938E-4
-9.068223022081873E-4
-9.068223022081873E-4
% Data (x (m) @ mass_load=0.06)
0
0
0.002249557425737807
0.0022502809917118068
0.004498723840658719
0.004500089009777799
0.006747203508843941
0.0067491288553657635
0.008994831254392776
0.008997236372896563
0.011241552957352016
0.011244358527035897
0.013487406511099937
0.013490534340420583
0.015732503492768293
0.015735876542258723
0.017977011601865593
0.01798055398097888
0.020221137914513975
0.020224774849425822
0.022465112970506376
0.022468770744331405
0.02470917566070386
0.024712781534095542
0.02695355883065983
0.026957040956439877
0.02919847548630641
0.0292017628338729
0.03144410549439843
0.03144712779706742
0.033690582711484965
0.03369327044373395
0.0359379825311622
0.035940266915691174
0.038186309886033665
0.03818812292547987
0.04043548776295636
0.04043676228944921
0.042685346288106225
0.04268601602517445
0.0449356122405505
0.0449356122405505
% Data (y (m) @ mass_load=0.06)
0
4.9999999999999996E-5
-1.6580142131049284E-5
3.341462223381871E-5
-6.387740616247758E-5
-1.3896044239467264E-5
-1.382085263701689E-4
-8.824560745699546E-5
-2.3593336566422507E-4
-1.859912428433659E-4
-3.534590071169099E-4
-3.035377790827987E-4
-4.872422137120408E-4
-4.373401404407884E-4
-6.337909679518614E-4
-5.83904869958317E-4
-7.896649390519348E-4
-7.397905790287126E-4
-9.514747018869606E-4
-9.016071478862947E-4
-0.001115879659456897
-0.0010660136296704408
-0.0012795848776437947
-0.0012297150680393807
-0.0014393373270366369
-0.001389458724127251
-0.001591922210049349
-0.0015420303914042367
-0.0017341600409761268
-0.0016842514655549987
-0.0018629049413610445
-0.0018129772306087922
-0.001975044303593457
-0.0019250965130028412
-0.0020674996936111854
-0.002017532573634544
-0.0021372287101034215
-0.002087244955060807
-0.00218122751467773
-0.002131231998544952
-0.0021965345370872297
-0.0021465345370872296
% Data (u (m) @ mass_load=0.06)
0
0
-4.4257426219290675E-7
2.8099171180672624E-7
-1.2761593412801627E-6
8.900977779960683E-8
-2.7964911560587264E-6
-8.711446342363777E-7
-5.168745607224213E-6
-2.763627103435577E-6
-8.447042647983539E-6
-5.641472964103217E-6
-1.2593488900062827E-5
-9.465659579417449E-6
-1.749650723170779E-5
-1.412345774127513E-5
-2.2988398134405256E-5
-1.9446019021117475E-5
-2.8862085486022E-5
-2.5225150574174307E-5
-3.488702949362312E-5
-3.122925566859478E-5
-4.0824339296136855E-5
-3.721846590445427E-5
-4.6441169340168635E-5
-4.295904356012144E-5
-5.152451369358747E-5
-4.823716612709714E-5
-5.589450560156947E-5
-5.287220293258311E-5
-5.941728851502815E-5
-5.672955626604259E-5
-6.20174688377978E-5
-5.973308430882045E-5
-6.369011396633453E-5
-6.187707452012473E-5
-6.45122370436345E-5
-6.323771055078832E-5
-6.465371189377176E-5
-6.398397482554284E-5
-6.43877594494938E-5
-6.43877594494938E-5
% Data (v (m) @ mass_load=0.06)
0
0
-1.6580142131049284E-5
-1.6585377766181283E-5
-6.387740616247758E-5
-6.389604423946726E-5
-1.382085263701689E-4
-1.3824560745699546E-4
-2.3593336566422507E-4
-2.359912428433659E-4
-3.534590071169099E-4
-3.535377790827987E-4
-4.872422137120408E-4
-4.873401404407884E-4
-6.337909679518614E-4
-6.33904869958317E-4
-7.896649390519348E-4
-7.897905790287126E-4
-9.514747018869606E-4
-9.516071478862947E-4
-0.001115879659456897
-0.0011160136296704407
-0.0012795848776437947
-0.0012797150680393806
-0.0014393373270366369
-0.001439458724127251
-0.001591922210049349
-0.0015920303914042366
-0.0017341600409761268
-0.0017342514655549987
-0.0018629049413610445
-0.001862977230608792
-0.001975044303593457
-0.001975096513002841
-0.0020674996936111854
-0.0020675325736345443
-0.0021372287101034215
-0.0021372449550608073
-0.00218122751467773
-0.002181231998544952
-0.0021965345370872297
-0.0021965345370872297
% Data (x (m) @ mass_load=0.2)
0
0
0.002248251108461394
0.0022503674532280923
0.004492910789597013
0.0044969096396255985
0.006731407105789043
0.006737053817673812
0.008962267040071291
0.008969329055108164
0.011184961174802662
0.011193209099032752
0.013399750247059309
0.013408958385166675
0.015607536434484847
0.015617482871276062
0.017809720573889885
0.017820186891697214
0.020008065636533675
0.02001883635218065
0.022204566043910842
0.022215427847629747
0.02440132179038814
0.02441206267098353
0.026600415881582077
0.026610824224577265
0.02880379337039113
0.02881365711585865
0.031013140327661046
0.03102224627052984
0.0332297614119216
0.03323789472090144
0.035454455232617664
0.03546139925730732
0.03768738734692659
0.03769292377872407
0.039927961438733485
0.03993187089021294
0.04217468999903978
0.042176753066169456
0.04442506611640954
0.04442506611640954
% Data (y (m) @ mass_load=0.2)
0
4.9999999999999996E-5
-4.845130922536712E-5
1.5038822716022547E-6
-1.8686828784302223E-4
-1.3702844580247605E-4
-4.046912518233319E-4
-3.550111223067046E-4
-6.914143325959794E-4
-6.419155594869835E-4
-0.0010366502693658257
-9.873352380105106E-4
-0.0014301664112670923
-0.0013810216175998535
-0.0018618982825703055
-0.0018128975791899629
-0.0023219448068013434
-0.002273052509689005
-0.0028005490405427053
-0.002751722897929482
-0.0032880681305686712
-0.003239262170539569
-0.003774936230647469
-0.0037261035162201948
-0.004251624226408698
-0.004202719554710941
-0.004708600183175138
-0.004659582767389932
-0.005136294346651998
-0.0050871305150245625
-0.005525072282963972
-0.0054757382193204975
-0.005865219437110746
-0.00581570397396953
-0.006146940146588609
-0.006097247606767201
-0.006360374041268938
-0.0063105271075083996
-0.006495632745491066
-0.006445675319735331
-0.0065428618668372275
-0.006492861866837228
% Data (u (m) @ mass_load=0.2)
0
0
-1.7488915386056183E-6
3.6745322809245103E-7
-7.089210402986815E-6
-3.0903603744008653E-6
-1.8592894210956225E-5
-1.2946182326188104E-5
-3.773295992870744E-5
-3.067094489183563E-5
-6.503882519733751E-5
-5.679090096724885E-5
-1.0024975294069124E-4
-9.104161483332572E-5
-1.4246356551515218E-4
-1.3251712872393854E-4
-1.902794261101154E-4
-1.7981310830278576E-4
-2.4193436346632127E-4
-2.311636478193468E-4
-2.9543395608915777E-4
-2.845721523702515E-4
-3.486782096118582E-4
-3.3793732901646795E-4
-3.995841184179236E-4
-3.8917577542273363E-4
-4.4620662960886883E-4
-4.363428841413492E-4
-4.868596723389533E-4
-4.7775372947015933E-4
-5.202385880783959E-4
-5.121052790985567E-4
-5.455447673823323E-4
-5.386007426926775E-4
-5.626126530734114E-4
-5.570762212759302E-4
-5.720385612665123E-4
-5.681291097870561E-4
-5.753100009602125E-4
-5.732469338305408E-4
-5.749338835904552E-4
-5.749338835904552E-4
% Data (v (m) @ mass_load=0.2)
0
0
-4.845130922536712E-5
-4.849611772839774E-5
-1.8686828784302223E-4
-1.8702844580247604E-4
-4.046912518233319E-4
-4.0501112230670463E-4
-6.914143325959794E-4
-6.919155594869835E-4
-0.0010366502693658257
-0.0010373352380105105
-0.0014301664112670923
-0.0014310216175998534
-0.0018618982825703055
-0.0018628975791899628
-0.0023219448068013434
-0.0023230525096890053
-0.0028005490405427053
-0.002801722897929482
-0.0032880681305686712
-0.0032892621705395693
-0.003774936230647469
-0.003776103516220195
-0.004251624226408698
-0.004252719554710941
-0.004708600183175138
-0.0047095827673899315
-0.005136294346651998
-0.005137130515024562
-0.005525072282963972
-0.005525738219320497
-0.005865219437110746
-0.00586570397396953
-0.006146940146588609
-0.0061472476067672005
-0.006360374041268938
-0.006360527107508399
-0.006495632745491066
-0.0064956753197353305
-0.0065428618668372275
-0.0065428618668372275
