% Coordinates
0                         0
0                         4.9999999999999996E-5
0.0045                    0
0.0045                    4.9999999999999996E-5
0.009                     0
0.009                     4.9999999999999996E-5
0.0135                    0
0.0135                    4.9999999999999996E-5
0.018                     0
0.018                     4.9999999999999996E-5
0.0225                    0
0.0225                    4.9999999999999996E-5
0.027                     0
0.027                     4.9999999999999996E-5
0.0315                    0
0.0315                    4.9999999999999996E-5
0.036                     0
0.036                     4.9999999999999996E-5
0.040499999999999994      0
0.040499999999999994      4.9999999999999996E-5
0.045                     0
0.045                     4.9999999999999996E-5
% Elements (points)
1
2
3
4
5
6
7
8
9
10
11
12
13
14
15
16
17
18
19
20
21
22
% Data (x (m) @ mass_load=0)
0
0
0.004499877092079185
0.0045000926431932944
0.008999723566149549
0.009000086615440465
0.013499527299851398
0.013499977306405954
0.017999310466555042
0.017999794475162895
0.022499107232738975
0.02249957987373336
0.026998948661164618
0.026999372138003085
0.031498853808772015
0.03149919788221501
0.0359988259606396
0.03599906794272337
0.040498852964874016
0.040498977723616804
0.0449989106379442
0.0449989106379442
% Data (y (m) @ mass_load=0)
0
4.9999999999999996E-5
-1.023611827672921E-5
3.97634171021008E-5
-3.675529887907622E-5
1.3243383481721403E-5
-7.376816694423963E-5
-2.3770191636311567E-5
-1.1616747813718424E-4
-6.616982044795022E-5
-1.5952868019064638E-4
-1.0953091378814822E-4
-2.0010937381936437E-4
-1.501111668953094E-4
-2.348479613424941E-4
-1.848491450184201E-4
-2.613626250590839E-4
-2.1136321049056896E-4
-2.779513309863114E-4
-2.279514866268712E-4
-2.8359252108323395E-4
-2.3359252108323396E-4
% Data (u (m) @ mass_load=0)
0
0
-1.2290792081503554E-7
9.264319329508859E-8
-2.7643385045030726E-7
8.661544046562888E-8
-4.727001486019638E-7
-2.2693594045856002E-8
-6.895334449553664E-7
-2.0552483710458498E-7
-8.927672610239423E-7
-4.201262666399372E-7
-1.0513388353809704E-6
-6.278619969135818E-7
-1.146191227981878E-6
-8.021177849922978E-7
-1.1740393603998944E-6
-9.320572766327306E-7
-1.1470351259789994E-6
-1.0222763831909303E-6
-1.0893620558002456E-6
-1.0893620558002456E-6
% Data (v (m) @ mass_load=0)
0
0
-1.023611827672921E-5
-1.0236582897899195E-5
-3.675529887907622E-5
-3.675661651827859E-5
-7.376816694423963E-5
-7.377019163631156E-5
-1.1616747813718424E-4
-1.1616982044795021E-4
-1.5952868019064638E-4
-1.5953091378814822E-4
-2.0010937381936437E-4
-2.001111668953094E-4
-2.348479613424941E-4
-2.348491450184201E-4
-2.613626250590839E-4
-2.6136321049056896E-4
-2.779513309863114E-4
-2.779514866268712E-4
-2.8359252108323395E-4
-2.8359252108323395E-4
% Data (x (m) @ mass_load=0.001)
0
0
0.004499864608635556
0.004500099524669433
0.008999688058116373
0.009000085555775918
0.013499455027053008
0.013499950272163982
0.01799919134387447
0.017999727074330167
0.02249893837338612
0.022499464897096814
0.026998735169568248
0.02699921036225268
0.03149860739822327
0.031498996702132104
0.03599856199746048
0.03599883842136004
0.04049858654524743
0.04049873066538815
0.04499865228479399
0.04499865228479399
% Data (y (m) @ mass_load=0.001)
0
4.9999999999999996E-5
-1.1139404075226512E-5
3.886004406244463E-5
-4.01122686795171E-5
9.886151675985627E-6
-8.074321333865017E-5
-3.07456657020971E-5
-1.2753806510430767E-4
-7.754093493373847E-5
-1.7568393334305935E-4
-1.2568670541723723E-4
-2.2104904598717763E-4
-1.7105130389323265E-4
-2.601826224824833E-4
-2.1018413790395367E-4
-2.9031484462506944E-4
-2.4031560860483567E-4
-3.0935692637051686E-4
-2.593571340765359E-4
-3.1590131105059413E-4
-2.6590131105059416E-4
% Data (u (m) @ mass_load=0.001)
0
0
-1.353913644434242E-7
9.952466943335801E-8
-3.11941883626144E-7
8.555577591941228E-8
-5.449729469918995E-7
-4.9727836016683215E-8
-8.086561255304678E-7
-2.7292566983271053E-7
-1.0616266138778556E-6
-5.35102903185831E-7
-1.2648304317530685E-6
-7.896377473229663E-7
-1.3926017767307117E-6
-1.0032978678936219E-6
-1.4380025395175418E-6
-1.1615786399561538E-6
-1.4134547525645497E-6
-1.2693346118403002E-6
-1.3477152060082964E-6
-1.3477152060082964E-6
% Data (v (m) @ mass_load=0.001)
0
0
-1.1139404075226512E-5
-1.1139955937555369E-5
-4.01122686795171E-5
-4.011384832401437E-5
-8.074321333865017E-5
-8.07456657020971E-5
-1.2753806510430767E-4
-1.2754093493373846E-4
-1.7568393334305935E-4
-1.7568670541723722E-4
-2.2104904598717763E-4
-2.2105130389323265E-4
-2.601826224824833E-4
-2.6018413790395367E-4
-2.9031484462506944E-4
-2.9031560860483566E-4
-3.0935692637051686E-4
-3.093571340765359E-4
-3.1590131105059413E-4
-3.1590131105059413E-4
% Data (x (m) @ mass_load=0.005)
0
0
0.004499812581876279
0.0045001245500549
0.008999530903812105
0.009000065385230314
0.013499122848604057
0.013499797873029743
0.01799863061532283
0.01799937179636849
0.022498129897264046
0.022498870429470297
0.026997699166190128
0.0269983798153418
0.031497398071414974
0.03149796716319811
0.03599725390136446
0.035997667316032524
0.04049725506665733
0.04049747624210523
0.044997350554383905
0.044997350554383905
% Data (y (m) @ mass_load=0.005)
0
4.9999999999999996E-5
-1.4734177187486242E-5
3.52648495579573E-5
-5.34668133556576E-5
-3.469669602942257E-6
-1.0848018942889792E-4
-5.84847457271706E-5
-1.7273853951016498E-4
-1.2274403286435703E-4
-2.3988837286910322E-4
-1.8989385665671565E-4
-3.042579413487689E-4
-2.542625740529742E-4
-3.6085628352990344E-4
-3.1085952199664353E-4
-4.0537246877258833E-4
-3.5537417767641307E-4
-4.3417554388378206E-4
-3.8417603307106364E-4
-4.4431518483122924E-4
-3.943151848312292E-4
% Data (u (m) @ mass_load=0.005)
0
0
-1.8741812372063127E-7
1.245500549006205E-7
-4.6909618789468244E-7
6.538523031531713E-8
-8.771513959422194E-7
-2.0212697025617658E-7
-1.3693846771690385E-6
-6.282036315117275E-7
-1.870102735952171E-6
-1.129570529702291E-6
-2.3008338098722205E-6
-1.6201846581989714E-6
-2.6019285850246426E-6
-2.032836801891307E-6
-2.746098635534908E-6
-2.3326839674732145E-6
-2.7449333426665207E-6
-2.5237578947651573E-6
-2.6494456160933975E-6
-2.6494456160933975E-6
% Data (v (m) @ mass_load=0.005)
0
0
-1.4734177187486242E-5
-1.4735150442042693E-5
-5.34668133556576E-5
-5.346966960294225E-5
-1.0848018942889792E-4
-1.084847457271706E-4
-1.7273853951016498E-4
-1.7274403286435703E-4
-2.3988837286910322E-4
-2.3989385665671565E-4
-3.042579413487689E-4
-3.0426257405297423E-4
-3.6085628352990344E-4
-3.6085952199664355E-4
-4.0537246877258833E-4
-4.053741776764131E-4
-4.3417554388378206E-4
-4.341760330710636E-4
-4.4431518483122924E-4
-4.4431518483122924E-4
% Data (x (m) @ mass_load=0.01)
0
0
0.0044997421871559515
0.004500150560458876
0.008999298384978309
0.009000004271672819
0.013498606145181058
0.013499506146387213
0.01799773222682406
0.017998730531308942
0.02249680830381771
0.02249781667966579
0.02699597967964922
0.026996917462428105
0.031495366026625685
0.03149616011002323
0.035995033106676996
0.03599561793876872
0.04049497443923895
0.040495292025293325
0.0449951018464281
0.0449951018464281
% Data (y (m) @ mass_load=0.01)
0
4.9999999999999996E-5
-1.9231627741037797E-5
3.076670453948281E-5
-7.01757880862556E-5
-2.018077041869451E-5
-1.4318637540590594E-4
-9.31944754598765E-5
-2.2929949013495072E-4
-1.7930945667320113E-4
-3.202334834575155E-4
-2.7024365218561626E-4
-4.0838806146656093E-4
-3.583968561292832E-4
-4.868433618896873E-4
-4.3684966754336065E-4
-5.493594084211188E-4
-4.99362828442872E-4
-5.903761208741248E-4
-5.403771294927465E-4
-6.050140476643314E-4
-5.550140476643314E-4
% Data (u (m) @ mass_load=0.01)
0
0
-2.5781284404831407E-7
1.505604588762446E-7
-7.016150216898473E-7
4.271672819057591E-9
-1.393854818941567E-6
-4.938536127870425E-7
-2.2677731759405787E-6
-1.2694686910565408E-6
-3.1916961822888355E-6
-2.183320334210856E-6
-4.020320350780787E-6
-3.082537571894659E-6
-4.633973374317478E-6
-3.8398899767710155E-6
-4.966893322998838E-6
-4.382061231274752E-6
-5.0255607610485046E-6
-4.707974706672127E-6
-4.898153571901285E-6
-4.898153571901285E-6
% Data (v (m) @ mass_load=0.01)
0
0
-1.9231627741037797E-5
-1.923329546051719E-5
-7.01757880862556E-5
-7.01807704186945E-5
-1.4318637540590594E-4
-1.431944754598765E-4
-2.2929949013495072E-4
-2.2930945667320112E-4
-3.202334834575155E-4
-3.202436521856162E-4
-4.0838806146656093E-4
-4.0839685612928324E-4
-4.868433618896873E-4
-4.868496675433607E-4
-5.493594084211188E-4
-5.49362828442872E-4
-5.903761208741248E-4
-5.903771294927465E-4
-6.050140476643314E-4
-6.050140476643314E-4
% Data (x (m) @ mass_load=0.02)
0
0
0.0044995841782014484
0.00450018483608516
0.008998715635453002
0.008999763274865014
0.013497240799901096
0.013498589203977748
0.017995289118314627
0.01799679975732086
0.02249314692532485
0.02249468894452999
0.026991150395224657
0.026992600542108194
0.03148959657228868
0.0314908391016428
0.03598867112952706
0.03598959774962878
0.04048839159905544
0.040488901485617006
0.04498856506844954
0.04498856506844954
% Data (y (m) @ mass_load=0.02)
0
4.9999999999999996E-5
-2.820268954117411E-5
2.1793702421474877E-5
-1.0349799785862104E-4
-5.350897361241129E-5
-2.123844042297769E-4
-1.6240258861647457E-4
-3.420493657843657E-4
-2.920721905148592E-4
-4.803714760535971E-4
-4.303952592197175E-4
-6.159166372407838E-4
-5.659376702395133E-4
-7.379301542981199E-4
-6.879455948123277E-4
-8.363297189735062E-4
-7.863383053180649E-4
-9.01703722162272E-4
-8.517063220761654E-4
-9.253151396976391E-4
-8.753151396976391E-4
% Data (u (m) @ mass_load=0.02)
0
0
-4.1582179855149366E-7
1.8483608516073146E-7
-1.2843645469971323E-6
-2.367251349850977E-7
-2.759200098903916E-6
-1.410796022251352E-6
-4.7108816853716734E-6
-3.200242679139672E-6
-6.8530746751499945E-6
-5.311055470007967E-6
-8.849604775341976E-6
-7.399457891806344E-6
-1.0403427711313732E-5
-9.160898357202014E-6
-1.1328870472936467E-5
-1.0402250371216873E-5
-1.1608400944548924E-5
-1.1098514382989297E-5
-1.143493155045848E-5
-1.143493155045848E-5
% Data (v (m) @ mass_load=0.02)
0
0
-2.820268954117411E-5
-2.820629757852512E-5
-1.0349799785862104E-4
-1.0350897361241129E-4
-2.123844042297769E-4
-2.1240258861647456E-4
-3.420493657843657E-4
-3.4207219051485917E-4
-4.803714760535971E-4
-4.8039525921971747E-4
-6.159166372407838E-4
-6.159376702395133E-4
-7.379301542981199E-4
-7.379455948123277E-4
-8.363297189735062E-4
-8.363383053180649E-4
-9.01703722162272E-4
-9.017063220761654E-4
-9.253151396976391E-4
-9.253151396976391E-4
% Data (x (m) @ mass_load=0.06)
0
0
0.0044987196662503596
0.0045000879395801175
0.008994809061460243
0.008997220340959403
0.013487344329491054
0.013490481108638916
0.01797688715972934
0.017980440543077583
0.0224649126787097
0.022468582227162918
0.02695328408593541
0.026956777218217428
0.03144377205765875
0.031446803313306
0.035937613470769826
0.03593990401880679
0.04043510467106481
0.04043638230301511
0.044935228262704616
0.044935228262704616
% Data (y (m) @ mass_load=0.06)
0
4.9999999999999996E-5
-6.401697700287768E-5
-1.4035702182833631E-5
-2.36490630542265E-4
-1.8654880489647453E-4
-4.884827822133207E-4
-4.3858127083192954E-4
-7.918110306485817E-4
-7.419374535427069E-4
-0.0011190620164656692
-0.0010691968518677136
-0.0014435561465144886
-0.0013936783133192921
-0.0017392848635330463
-0.0016893768311921078
-0.001980852955179515
-0.0019309054469464147
-0.0021434554305000543
-0.0020934717565477853
-0.0022029009665390925
-0.0021529009665390924
% Data (u (m) @ mass_load=0.06)
0
0
-1.280333749639928E-6
8.79395801177364E-8
-5.1909385397559395E-6
-2.779659040595485E-6
-1.2655670508945661E-5
-9.518891361083691E-6
-2.3112840270656316E-5
-1.9559456922414662E-5
-3.508732129029986E-5
-3.141777283708293E-5
-4.671591406458895E-5
-4.322278178257115E-5
-5.6227942341250824E-5
-5.3196686693998576E-5
-6.238652923017285E-5
-6.009598119320583E-5
-6.489532893518652E-5
-6.361769698487875E-5
-6.477173729538374E-5
-6.477173729538374E-5
% Data (v (m) @ mass_load=0.06)
0
0
-6.401697700287768E-5
-6.403570218283363E-5
-2.36490630542265E-4
-2.3654880489647453E-4
-4.884827822133207E-4
-4.885812708319296E-4
-7.918110306485817E-4
-7.919374535427069E-4
-0.0011190620164656692
-0.0011191968518677136
-0.0014435561465144886
-0.001443678313319292
-0.0017392848635330463
-0.0017393768311921077
-0.001980852955179515
-0.0019809054469464146
-0.0021434554305000543
-0.0021434717565477854
-0.0022029009665390925
-0.0022029009665390925
% Data (x (m) @ mass_load=0.2)
0
0
0.0044928872038521315
0.0044968939691606945
0.008962116167415901
0.008969193734044848
0.013399308473761234
0.013408538837685204
0.01780882376371796
0.017819316985134788
0.02220311264604722
0.022214003054333156
0.02659840900519807
0.026608844267841388
0.031010686562581238
0.031019814753783157
0.035451720948340364
0.035458680542422925
0.03992510974685255
0.03992902712173525
0.044422199210344036
0.044422199210344036
% Data (y (m) @ mass_load=0.2)
0
4.9999999999999996E-5
-1.872244355843901E-4
-1.3738523578250868E-4
-6.9282976991893E-4
-6.433332190384013E-4
-0.0014332916810229413
-0.0013841510588248457
-0.002327299230801636
-0.0022784127034258727
-0.0032959450784021994
-0.003247145496303632
-0.004262025085591398
-0.00421312615369619
-0.005148927791067973
-0.005099768087269921
-0.0058795665398990275
-0.00583005326367445
-0.006375783174177356
-0.006325936868595173
-0.0065586280024356805
-0.006508628002435681
% Data (u (m) @ mass_load=0.2)
0
0
-7.112796147867945E-6
-3.1060308393050595E-6
-3.788383258409765E-5
-3.080626595515155E-5
-1.0069152623876681E-4
-9.146116231479544E-5
-1.9117623628203958E-4
-1.806830148652122E-4
-2.9688735395277943E-4
-2.8599694566684307E-4
-4.0159099480192883E-4
-3.9115573215861213E-4
-4.893134374187642E-4
-4.801852462168421E-4
-5.482790516596355E-4
-5.413194575770703E-4
-5.748902531474445E-4
-5.709728782647425E-4
-5.778007896559586E-4
-5.778007896559586E-4
% Data (v (m) @ mass_load=0.2)
0
0
-1.872244355843901E-4
-1.8738523578250868E-4
-6.9282976991893E-4
-6.933332190384013E-4
-0.0014332916810229413
-0.0014341510588248456
-0.002327299230801636
-0.002328412703425873
-0.0032959450784021994
-0.0032971454963036323
-0.004262025085591398
-0.004263126153696189
-0.005148927791067973
-0.00514976808726992
-0.0058795665398990275
-0.00588005326367445
-0.006375783174177356
-0.006375936868595173
-0.0065586280024356805
-0.0065586280024356805
