% Coordinates
0                         0
0                         4.9999999999999996E-5
0.0021428571428571425     0
0.0021428571428571425     4.9999999999999996E-5
0.004285714285714285      0
0.004285714285714285      4.9999999999999996E-5
0.006428571428571428      0
0.006428571428571428      4.9999999999999996E-5
0.00857142857142857       0
0.00857142857142857       4.9999999999999996E-5
0.010714285714285713      0
0.010714285714285713      4.9999999999999996E-5
0.012857142857142855      0
0.012857142857142855      4.9999999999999996E-5
0.015                     0
0.015                     4.9999999999999996E-5
0.01714285714285714       0
0.01714285714285714       4.9999999999999996E-5
0.01928571428571428       0
0.01928571428571428       4.9999999999999996E-5
0.021428571428571425      0
0.021428571428571425      4.9999999999999996E-5
0.023571428571428573      0
0.023571428571428573      4.9999999999999996E-5
0.02571428571428571       0
0.02571428571428571       4.9999999999999996E-5
0.02785714285714285       0
0.02785714285714285       4.9999999999999996E-5
0.03                      0
0.03                      4.9999999999999996E-5
0.03214285714285714       0
0.03214285714285714       4.9999999999999996E-5
0.03428571428571428       0
0.03428571428571428       4.9999999999999996E-5
0.03642857142857142       0
0.03642857142857142       4.9999999999999996E-5
0.03857142857142856       0
0.03857142857142856       4.9999999999999996E-5
0.04071428571428571       0
0.04071428571428571       4.9999999999999996E-5
0.04285714285714285       0
0.04285714285714285       4.9999999999999996E-5
0.045                     0
0.045                     4.9999999999999996E-5
% Elements (points)
1
2
3
4
5
6
7
8
9
10
11
12
13
14
15
16
17
18
19
20
21
22
23
24
25
26
27
28
29
30
31
32
33
34
35
36
37
38
39
40
41
42
43
44
% Data (x (m) @ mass_load=0)
0
0
0.00214279967691968
0.0021429109377791157
0.004285598024223194
0.004285804265526883
0.0064283890185580315
0.006428674713684648
0.008571169952245017
0.008571520396360329
0.010713940652385175
0.010714341966175926
0.012856702770119077
0.012857141903854058
0.01499945916790076
0.014999923904775017
0.017142213400222518
0.01714269235765563
0.019284969282883806
0.019285451910727804
0.02142773054496825
0.02142820712050026
0.0235705005566098
0.023570962177337926
0.025713282125013545
0.025713720701091635
0.02785607735138292
0.027856485599431716
0.029998887542218803
0.029999258981683784
0.03214171316941258
0.03214204212167359
0.0342845538742168
0.034284835463927
0.03642740851038001
0.03642763866816005
0.03857027522157037
0.03857045068719131
0.04071315154788752
0.04071326987328634
0.042856034555942224
0.04285609410766986
0.04499892096720476
0.04499892096720476
% Data (y (m) @ mass_load=0)
0
4.9999999999999996E-5
-2.4427293989777484E-6
4.755714727619408E-5
-9.303166081942531E-6
4.069640900366987E-5
-1.989850331428881E-5
3.010068087114517E-5
-3.3580946309895015E-5
1.6417825937188335E-5
-4.9737988450707144E-5
2.604013295253181E-7
-6.779258228043966E-5
-1.779451040981222E-5
-8.720330381212122E-5
-3.72054634128563E-5
-1.0746445776053362E-4
-5.7466751607430396E-5
-1.2810607039076064E-4
-7.8108399571216E-5
-1.4869374307896355E-4
-9.869601423425552E-5
-1.688283862206479E-4
-1.1883051708806835E-4
-1.8814589634237835E-4
-1.3814781977021027E-4
-2.0631685628537378E-4
-1.5631852288875827E-4
-2.230463229532885E-4
-1.7304770256199901E-4
-2.380737314955081E-4
-1.8807481352466995E-4
-2.5117290816444347E-4
-2.0117370102530589E-4
-2.621521604634667E-4
-2.1215269012683723E-4
-2.7085440624564585E-4
-2.2085471407368517E-4
-2.7715730871700995E-4
-2.2715744868573954E-4
-2.809733947608446E-4
-2.309734302027099E-4
-2.822502083612418E-4
-2.322502083612418E-4
% Data (u (m) @ mass_load=0)
0
0
-5.7465937462546696E-8
5.3794921973371654E-8
-1.1626149109153826E-7
8.997981259810928E-8
-1.824100133956906E-7
1.032851132205727E-7
-2.5861918355222315E-7
9.182493175853913E-8
-3.450619005378466E-7
5.625189021422121E-8
-4.4008702377829947E-7
-9.532887967743597E-10
-5.408320992393331E-7
-7.60952249814994E-8
-6.437426346221058E-7
-1.647852015106551E-7
-7.450028304748953E-7
-2.62374986477295E-7
-8.40883603173682E-7
-3.643080711640277E-7
-9.280148187726531E-7
-4.6639409064555446E-7
-1.0035892721655313E-6
-5.650131940750567E-7
-1.0655057599305672E-6
-6.572577111338117E-7
-1.1124577811943824E-6
-7.410183162159688E-7
-1.143973444559881E-6
-8.150211835461848E-7
-1.1604114974787807E-6
-8.788217872766712E-7
-1.1629181914096227E-6
-9.32760411371008E-7
-1.1533498581934901E-6
-9.7788423725205E-7
-1.1341663981881842E-6
-1.015840999369412E-6
-1.1083012006257868E-6
-1.0487494729876374E-6
-1.0790327952422726E-6
-1.0790327952422726E-6
% Data (v (m) @ mass_load=0)
0
0
-2.4427293989777484E-6
-2.442852723805914E-6
-9.303166081942531E-6
-9.303590996330122E-6
-1.989850331428881E-5
-1.9899319128854826E-5
-3.3580946309895015E-5
-3.358217406281166E-5
-4.9737988450707144E-5
-4.973959867047468E-5
-6.779258228043966E-5
-6.779451040981222E-5
-8.720330381212122E-5
-8.72054634128563E-5
-1.0746445776053362E-4
-1.0746675160743039E-4
-1.2810607039076064E-4
-1.28108399571216E-4
-1.4869374307896355E-4
-1.486960142342555E-4
-1.688283862206479E-4
-1.6883051708806835E-4
-1.8814589634237835E-4
-1.8814781977021026E-4
-2.0631685628537378E-4
-2.0631852288875826E-4
-2.230463229532885E-4
-2.23047702561999E-4
-2.380737314955081E-4
-2.3807481352466995E-4
-2.5117290816444347E-4
-2.511737010253059E-4
-2.621521604634667E-4
-2.621526901268372E-4
-2.7085440624564585E-4
-2.7085471407368517E-4
-2.7715730871700995E-4
-2.7715744868573954E-4
-2.809733947608446E-4
-2.809734302027099E-4
-2.822502083612418E-4
-2.822502083612418E-4
% Data (x (m) @ mass_load=0.001)
0
0
0.002142794296219044
0.002142915628652361
0.004285585915845348
0.004285811333885247
0.00642836762060804
0.006428680623826185
0.008571136058244111
0.008571520963840631
0.010713890885700256
0.010714332828674789
0.012856633966649449
0.01285711889985363
0.014999368673160578
0.014999883367270612
0.017142099285814862
0.01714263132924368
0.019284830486550233
0.01928536828531101
0.02142756693850318
0.021428099716036195
0.02357031294710392
0.023570830744085502
0.025713072196670593
0.025713565870830443
0.027855847556746857
0.027856308782722272
0.029998640952437053
0.029999062221686343
0.03214145329301023
0.0321418279137943
0.03428428445306052
0.034284606550487075
0.03642713330052114
0.03642739781663468
0.03856999776583047
0.038570200459726436
0.04071287494654301
0.04071301239448537
0.04285576124166972
0.0428558308371957
0.0449986524870244
0.0449986524870244
% Data (y (m) @ mass_load=0.001)
0
4.9999999999999996E-5
-2.6618995992301425E-6
4.733795367970699E-5
-1.0152533087961127E-5
3.984695925360266E-5
-2.174741996003591E-5
2.825160077252748E-5
-3.675695889655416E-5
1.324155998605145E-5
-5.45265840522035E-5
-4.528536822938927E-6
-7.443677084494985E-5
-2.4439122123272718E-5
-9.59030375833116E-5
-4.590568639873111E-5
-1.1837594406106163E-4
-6.837877451217046E-5
-1.4134108776181768E-4
-9.134397981314183E-5
-1.6431909815390944E-4
-1.1432193646960934E-4
-1.8686562971893719E-4
-1.368683106674382E-4
-2.085713546873758E-4
-1.5857379165118714E-4
-2.2906195668462005E-4
-1.7906408380958532E-4
-2.4799812640630245E-4
-1.979999009242877E-4
-2.650755600095599E-4
-2.150769632682179E-4
-2.800249602892254E-4
-2.3002599762213854E-4
-2.926120401394966E-4
-2.4261273970981216E-4
-3.0263752745477335E-4
-2.526379382054339E-4
-3.099371705434072E-4
-2.5993735938720155E-4
-3.143817432464312E-4
-2.643817916297526E-4
-3.158771249187855E-4
-2.6587712491878547E-4
% Data (u (m) @ mass_load=0.001)
0
0
-6.284663809847167E-8
5.8485795218483615E-8
-1.2836986893681969E-7
9.704817096183667E-8
-2.038079633882241E-7
1.0919525475728015E-7
-2.9251318445938776E-7
9.239241206076692E-8
-3.9482858545599997E-7
4.711438907608747E-8
-5.08890493406373E-7
-2.3957289224512667E-8
-6.313268394208967E-7
-1.166327293878055E-7
-7.578570422786341E-7
-2.2581361346030752E-7
-8.837991640460442E-7
-3.460004032698168E-7
-1.0044900682461345E-6
-4.7171253523055773E-7
-1.1156243246535985E-6
-5.978273430691085E-7
-1.2135176151161457E-6
-7.198434552678971E-7
-1.295300395994043E-6
-8.340744205776082E-7
-1.3590475629458124E-6
-9.377783136557262E-7
-1.4038498469128895E-6
-1.0292290628384135E-6
-1.4298326537636195E-6
-1.107735227203578E-6
-1.4381280502783665E-6
-1.1736119367424995E-6
-1.4308055980917704E-6
-1.22811170212606E-6
-1.4107677427040993E-6
-1.273319800342774E-6
-1.3816154731352567E-6
-1.3120199471503654E-6
-1.3475129755973814E-6
-1.3475129755973814E-6
% Data (v (m) @ mass_load=0.001)
0
0
-2.6618995992301425E-6
-2.662046320293008E-6
-1.0152533087961127E-5
-1.0153040746397334E-5
-2.174741996003591E-5
-2.1748399227472515E-5
-3.675695889655416E-5
-3.6758440013948545E-5
-5.45265840522035E-5
-5.452853682293892E-5
-7.443677084494985E-5
-7.443912212327271E-5
-9.59030375833116E-5
-9.59056863987311E-5
-1.1837594406106163E-4
-1.1837877451217046E-4
-1.4134108776181768E-4
-1.4134397981314183E-4
-1.6431909815390944E-4
-1.6432193646960934E-4
-1.8686562971893719E-4
-1.868683106674382E-4
-2.085713546873758E-4
-2.0857379165118713E-4
-2.2906195668462005E-4
-2.2906408380958532E-4
-2.4799812640630245E-4
-2.479999009242877E-4
-2.650755600095599E-4
-2.650769632682179E-4
-2.800249602892254E-4
-2.8002599762213853E-4
-2.926120401394966E-4
-2.9261273970981216E-4
-3.0263752745477335E-4
-3.026379382054339E-4
-3.099371705434072E-4
-3.0993735938720157E-4
-3.143817432464312E-4
-3.1438179162975255E-4
-3.158771249187855E-4
-3.158771249187855E-4
% Data (x (m) @ mass_load=0.005)
0
0
0.0021427732779235324
0.0021429334307871083
0.004285537258931369
0.004285836452523813
0.00642827897074841
0.0064286968171567045
0.008570991955596203
0.008571508885036638
0.010713674956784549
0.010714272218141963
0.012856330695712076
0.012856990356842964
0.014998964780302245
0.014999669728145384
0.017141584739248473
0.017142318679744774
0.019284199176417285
0.01928494663422485
0.021426817039708227
0.0214275633577139
0.02356944699859022
0.023570178337261743
0.025712096924451994
0.025712800261126007
0.02785477346785943
0.027855436596092038
0.02999748172683188
0.02999809325593134
0.03214022500032901
0.0321407743551435
0.03428300462124216
0.034283482042209795
0.036425819863265145
0.03642621640667495
0.038568667916051166
0.03856897545443291
0.040711543923046184
0.040711755145605794
0.04285444107634581
0.04285454948938278
0.04499735072650961
0.04499735072650961
% Data (y (m) @ mass_load=0.005)
0
4.9999999999999996E-5
-3.5071765807115274E-6
4.6492567536146884E-5
-1.3424339617497962E-5
3.657476579674814E-5
-2.8860477711124535E-5
2.113777686740944E-5
-4.895942036710643E-5
1.0379079416193189E-6
-7.290005732593348E-5
-2.29036241481154E-5
-9.989635785010035E-5
-4.99007090750816E-5
-1.2919738102921144E-4
-7.920235032198432E-5
-1.6008727790810205E-4
-1.1009266443944815E-4
-1.91885285076748E-4
-1.418908718986307E-4
-2.2394570933217644E-4
-1.7395127914934686E-4
-2.556579043113574E-4
-2.0566325278447141E-4
-2.8644624209985084E-4
-2.3645118881709143E-4
-3.1577008468681593E-4
-2.657744819417355E-4
-3.4312376069838425E-4
-2.931275002109378E-4
-3.68036551649995E-4
-3.180395693658073E-4
-3.9007268945668027E-4
-3.400749685573579E-4
-4.0883136418592655E-4
-3.588329364416292E-4
-4.23946739080465E-4
-3.73947684675461E-4
-4.350879692111215E-4
-3.850884151735401E-4
-4.4195922054749727E-4
-3.919593379169663E-4
-4.4429980743614046E-4
-3.942998074361405E-4
% Data (u (m) @ mass_load=0.005)
0
0
-8.38649336101733E-8
7.628792996558244E-8
-1.7702678291571773E-7
1.2216680952838136E-7
-2.9245782301722347E-7
1.2538858527668327E-7
-4.366158323677121E-7
8.031360806826736E-8
-6.107575011646845E-7
-1.3496143748652319E-8
-8.121614307803224E-7
-1.5250029989194112E-7
-1.0352196977548635E-6
-3.302718546149458E-7
-1.272403608665781E-6
-5.384631123661201E-7
-1.515109296995081E-6
-7.676514894292196E-7
-1.7543888631976721E-6
-1.0080708575261013E-6
-1.9815728383530714E-6
-1.2502341668280841E-6
-2.188789833714302E-6
-1.48545315970331E-6
-2.369389283418819E-6
-1.7062610508127512E-6
-2.5182731681191675E-6
-1.906744068661319E-6
-2.6321425281319413E-6
-2.0827877136374702E-6
-2.7096644721186345E-6
-2.2322435044876964E-6
-2.75156530627858E-6
-2.35502189647609E-6
-2.760655377398073E-6
-2.45311699565155E-6
-2.74179123952368E-6
-2.530568679916629E-6
-2.70178079703591E-6
-2.5933677600692546E-6
-2.649273490387942E-6
-2.649273490387942E-6
% Data (v (m) @ mass_load=0.005)
0
0
-3.5071765807115274E-6
-3.507432463853112E-6
-1.3424339617497962E-5
-1.342523420325186E-5
-2.8860477711124535E-5
-2.8862223132590556E-5
-4.895942036710643E-5
-4.896209205838068E-5
-7.290005732593348E-5
-7.29036241481154E-5
-9.989635785010035E-5
-9.99007090750816E-5
-1.2919738102921144E-4
-1.292023503219843E-4
-1.6008727790810205E-4
-1.6009266443944815E-4
-1.91885285076748E-4
-1.918908718986307E-4
-2.2394570933217644E-4
-2.2395127914934685E-4
-2.556579043113574E-4
-2.556632527844714E-4
-2.8644624209985084E-4
-2.864511888170914E-4
-3.1577008468681593E-4
-3.1577448194173555E-4
-3.4312376069838425E-4
-3.431275002109378E-4
-3.68036551649995E-4
-3.680395693658073E-4
-3.9007268945668027E-4
-3.900749685573579E-4
-4.0883136418592655E-4
-4.0883293644162924E-4
-4.23946739080465E-4
-4.2394768467546095E-4
-4.350879692111215E-4
-4.3508841517354006E-4
-4.4195922054749727E-4
-4.419593379169663E-4
-4.4429980743614046E-4
-4.4429980743614046E-4
% Data (x (m) @ mass_load=0.01)
0
0
0.0021427469024625197
0.0021429546563319834
0.004285473180292752
0.00428586274439446
0.006428156520856763
0.006428702653823279
0.00857078527160097
0.008571463563259203
0.010713356465457215
0.01071414334586762
0.012855873956217219
0.012856746703682085
0.014998346721832194
0.014999283468394927
0.017140787333600704
0.01714176706660786
0.019283210588340486
0.019284213147099688
0.02142563229869974
0.021426638366133163
0.023568068234244864
0.02356905932447235
0.02571053320364834
0.025711491647335098
0.027853040266952338
0.027853949196774645
0.02999560006697299
0.02999644340553483
0.03213822027041577
0.0321389827223999
0.034280905111684454
0.034281572161105486
0.036423655034939356
0.03642421294730728
0.038566466431883654
0.03856690226019389
0.040709331473523104
0.04070963306649697
0.04285223803378298
0.042852394044692536
0.04499516964903389
0.04499516964903389
% Data (y (m) @ mass_load=0.01)
0
4.9999999999999996E-5
-4.543952619745008E-6
4.545561650919697E-5
-1.7434788650029254E-5
3.2563694456547484E-5
-3.7573460535978664E-5
1.2423557467708205E-5
-6.389608702347656E-5
-1.390068735238169E-5
-9.537458168594381E-5
-4.538077322461535E-5
-1.3101702517993462E-4
-8.102464201462212E-5
-1.6986796204022556E-4
-1.1987673714987932E-4
-2.1100855849323912E-4
-1.610181576055188E-4
-2.5355656830210806E-4
-2.0356662000060115E-4
-2.966660826260232E-4
-2.4667620483858894E-4
-3.3952708168108735E-4
-2.895369047386803E-4
-3.813648484836059E-4
-3.3137403498737167E-4
-4.214393361413893E-4
-3.7144759789711984E-4
-4.590445911649477E-4
-4.090517034308147E-4
-4.935083226741458E-4
-4.435141359246935E-4
-5.241916753094403E-4
-4.741961246606085E-4
-5.504892203410589E-4
-5.004923327255916E-4
-5.718291365424981E-4
-5.218310356891163E-4
-5.876735221994073E-4
-5.37674431460323E-4
-5.975187676567327E-4
-5.475190107458709E-4
-6.008960927872269E-4
-5.508960927872268E-4
% Data (u (m) @ mass_load=0.01)
0
0
-1.1024039462280384E-7
9.751347484097223E-8
-2.411054215330785E-7
1.4845868017447648E-7
-4.149077146643326E-7
1.3122525185153723E-7
-6.43299827599363E-7
3.4991830632811074E-8
-9.29248828497616E-7
-1.4236841809268613E-7
-1.2689009256358483E-6
-3.961534607702394E-7
-1.6532781678061206E-6
-7.165316050725165E-7
-2.069809256437377E-6
-1.0900762492793632E-6
-2.503697373794078E-6
-1.5011386145945475E-6
-2.9391298716870106E-6
-1.9330624382622012E-6
-3.3603371837097722E-6
-2.369246956219875E-6
-3.75251063737167E-6
-2.79406695061055E-6
-4.102590190513322E-6
-3.1936603682077025E-6
-4.399933027007768E-6
-3.5565944651694516E-6
-4.636872441369707E-6
-3.874420457238219E-6
-4.8091740298238905E-6
-4.142124608792201E-6
-4.916393632067882E-6
-4.358481264140218E-6
-4.9621395449071145E-6
-4.526311234676011E-6
-4.954240762607618E-6
-4.652647788737624E-6
-4.904823359873422E-6
-4.748812450313724E-6
-4.830350966108785E-6
-4.830350966108785E-6
% Data (v (m) @ mass_load=0.01)
0
0
-4.543952619745008E-6
-4.544383490803027E-6
-1.7434788650029254E-5
-1.7436305543452512E-5
-3.7573460535978664E-5
-3.757644253229179E-5
-6.389608702347656E-5
-6.390068735238169E-5
-9.537458168594381E-5
-9.538077322461534E-5
-1.3101702517993462E-4
-1.3102464201462211E-4
-1.6986796204022556E-4
-1.6987673714987932E-4
-2.1100855849323912E-4
-2.110181576055188E-4
-2.5355656830210806E-4
-2.5356662000060114E-4
-2.966660826260232E-4
-2.966762048385889E-4
-3.3952708168108735E-4
-3.3953690473868033E-4
-3.813648484836059E-4
-3.813740349873717E-4
-4.214393361413893E-4
-4.2144759789711987E-4
-4.590445911649477E-4
-4.5905170343081466E-4
-4.935083226741458E-4
-4.935141359246935E-4
-5.241916753094403E-4
-5.241961246606085E-4
-5.504892203410589E-4
-5.504923327255916E-4
-5.718291365424981E-4
-5.718310356891163E-4
-5.876735221994073E-4
-5.87674431460323E-4
-5.975187676567327E-4
-5.975190107458709E-4
-6.008960927872269E-4
-6.008960927872269E-4
% Data (x (m) @ mass_load=0.02)
0
0
0.0021426905112902203
0.002142996269218901
0.004285325564560522
0.004285901468707137
0.006427855301614886
0.006428666379930407
0.008570252114043332
0.00857126421537733
0.010712506999617458
0.010713686796654357
0.012854626069728047
0.01285594106025691
0.014996627291243415
0.014998045798152148
0.01713853745744157
0.01714002862774693
0.01928038938235631
0.019281923185525813
0.02142221931263974
0.021423766538434245
0.023564064550830124
0.023565596806901005
0.025705961283730466
0.025707450993227354
0.027847942609509055
0.02784936300896195
0.029990036757190447
0.029991361894897265
0.03213226549241771
0.032133470227494514
0.03427464270365822
0.0342757027058212
0.03641717316329468
0.03641806491337104
0.038559851458226886
0.03856055224935179
0.04070266108470441
0.04070314902414806
0.04284557370214578
0.04284582771371937
0.04498854845419627
0.04498854845419627
% Data (y (m) @ mass_load=0.02)
0
4.9999999999999996E-5
-6.677450765142499E-6
4.332161537825405E-5
-2.5695499126496597E-5
2.4301185124532145E-5
-5.553847395295141E-5
-5.5450518773564165E-6
-9.472538821508084E-5
-4.473563179347768E-5
-1.4181046389711414E-4
-9.182438410845805E-5
-1.9538322320319704E-4
-1.45400517282003E-4
-2.5406851711898585E-4
-2.040886418975524E-4
-3.1652650614509814E-4
-2.6654874611242816E-4
-3.814526052831702E-4
-3.3147613549608227E-4
-4.475774035438962E-4
-3.976013475306047E-4
-5.136665677865666E-4
-4.636900505874577E-4
-5.785207413762165E-4
-5.285429378700457E-4
-6.409754489063018E-4
-5.909956275709896E-4
-6.99901017758263E-4
-6.499185800127023E-4
-7.542025249338374E-4
-7.042170402012085E-4
-8.028197740045774E-4
-7.528310106307355E-4
-8.447273034993077E-4
-7.947352556540673E-4
-8.789344256369151E-4
-8.289393363225274E-4
-9.044852932153899E-4
-8.544876735048686E-4
-9.204589922461945E-4
-8.704596368792868E-4
-9.259699451174204E-4
-8.759699451174204E-4
% Data (u (m) @ mass_load=0.02)
0
0
-1.666315669222009E-7
1.391263617584043E-7
-3.887211537631891E-7
1.871829928522565E-7
-7.161269565411268E-7
9.495135897917675E-8
-1.1764573852374413E-6
-1.6435605123991464E-7
-1.7787146682547613E-6
-5.989176313560748E-7
-2.51678741480785E-6
-1.201796885945474E-6
-3.3727087565843993E-6
-1.954201847851745E-6
-4.319685415571935E-6
-2.828515110210696E-6
-5.3249033579728155E-6
-3.7911001884698477E-6
-6.352115931686057E-6
-4.8048901371782975E-6
-7.3640205984499275E-6
-5.831764527567333E-6
-8.324430555244091E-6
-6.834721058357493E-6
-9.20024763379473E-6
-7.779848180898734E-6
-9.963242809551819E-6
-8.638105102733333E-6
-1.0591650439430668E-5
-9.386915362628567E-6
-1.1071582056059449E-5
-1.0011579893079513E-5
-1.1398265276739647E-5
-1.0506515200380642E-5
-1.1577113201676471E-5
-1.0876322076772674E-5
-1.162462958130061E-5
-1.1136690137651345E-5
-1.156915499707177E-5
-1.1315143423477958E-5
-1.1451545803729592E-5
-1.1451545803729592E-5
% Data (v (m) @ mass_load=0.02)
0
0
-6.677450765142499E-6
-6.678384621745947E-6
-2.5695499126496597E-5
-2.569881487546785E-5
-5.553847395295141E-5
-5.554505187735641E-5
-9.472538821508084E-5
-9.473563179347768E-5
-1.4181046389711414E-4
-1.4182438410845804E-4
-1.9538322320319704E-4
-1.95400517282003E-4
-2.5406851711898585E-4
-2.540886418975524E-4
-3.1652650614509814E-4
-3.165487461124282E-4
-3.814526052831702E-4
-3.8147613549608224E-4
-4.475774035438962E-4
-4.476013475306047E-4
-5.136665677865666E-4
-5.136900505874577E-4
-5.785207413762165E-4
-5.785429378700458E-4
-6.409754489063018E-4
-6.409956275709896E-4
-6.99901017758263E-4
-6.999185800127024E-4
-7.542025249338374E-4
-7.542170402012085E-4
-8.028197740045774E-4
-8.028310106307355E-4
-8.447273034993077E-4
-8.447352556540674E-4
-8.789344256369151E-4
-8.789393363225275E-4
-9.044852932153899E-4
-9.044876735048687E-4
-9.204589922461945E-4
-9.204596368792868E-4
-9.259699451174204E-4
-9.259699451174204E-4
% Data (x (m) @ mass_load=0.06)
0
0
0.002142440147022836
0.0021431331755586225
0.004284538255941405
0.004285849964335738
0.006426028381312544
0.006427884817674923
0.008566753944947525
0.008569082010514246
0.01070665248430452
0.010709379971070526
0.012845740714574031
0.012848796325030998
0.014984100120856504
0.014987413472923856
0.017121863088010066
0.017125364707809124
0.01925919956785689
0.019262820872724223
0.021396304276403884
0.021399977550552906
0.023533384406943747
0.023537042772450178
0.02567064783883085
0.025674225224967383
0.027808291817804108
0.027811722931927366
0.029946492083417597
0.029949712386425666
0.032085392422814864
0.032088338111645826
0.034225094636624265
0.03422770263554023
0.03636564891017377
0.036367856871929914
0.03850704458984921
0.038508790907446515
0.04064920136964856
0.04065042519923424
0.042791960897211025
0.04279260219272943
0.044935078592692725
0.044935078592692725
% Data (y (m) @ mass_load=0.06)
0
4.9999999999999996E-5
-1.5109021594121775E-5
3.488617748737346E-5
-5.832729831561801E-5
-8.34450487115551E-6
-1.264703505362335E-4
-7.650482380482522E-5
-2.1638811022881436E-4
-1.6644233635284582E-4
-3.249677710920222E-4
-2.750422161659537E-4
-4.491350118668796E-4
-3.992284645407424E-4
-5.858545210803958E-4
-5.359644226391708E-4
-7.321299453172151E-4
-6.82252707161011E-4
-8.850033682505242E-4
-8.351346768678311E-4
-0.0010415544222904388
-9.91689531974159E-4
-0.001198899141032501
-0.0011490331547404143
-0.0013541886747558106
-0.0013043168136407796
-0.001504608003458377
-0.0014547258656506838
-0.0016473747822039466
-0.001597478591391998
-0.001779738437514353
-0.001729825281747391
-0.0018989796053838636
-0.0018490476663498752
-0.002002409971257704
-0.001952458744119062
-0.002087372549580212
-0.0020374030533078956
-0.002151242429193829
-0.002101257407231024
-0.0021914280090722152
-0.002141432120082613
-0.0022053734809898092
-0.002155373480989809
% Data (u (m) @ mass_load=0.06)
0
0
-4.169958343064962E-7
2.760327014799829E-7
-1.1760297728798905E-6
1.356786214530452E-7
-2.5430472588833763E-6
-6.866108965053053E-7
-4.674626481046076E-6
-2.346560914324494E-6
-7.633229981192832E-6
-4.905743215186818E-6
-1.1402142568823909E-5
-8.346532111856602E-6
-1.5899879143496166E-5
-1.2586527076143926E-5
-2.099405484707561E-5
-1.7492435048016405E-5
-2.65147178573887E-5
-2.2893412990058417E-5
-3.22671521675402E-5
-2.8593878018520908E-5
-3.804416448482608E-5
-3.4385798978393696E-5
-4.363787545485897E-5
-4.0060489318325976E-5
-4.885103933874155E-5
-4.541992521548722E-5
-5.35079165824012E-5
-5.028761357433209E-5
-5.746472004227628E-5
-5.451903121131637E-5
-6.061964909001397E-5
-5.8011650174053347E-5
-6.292251839765097E-5
-6.0714556641510265E-5
-6.438398157935126E-5
-6.263766398204672E-5
-6.508434463715358E-5
-6.386051505147571E-5
-6.51819599318229E-5
-6.454066441341928E-5
-6.492140730727388E-5
-6.492140730727388E-5
% Data (v (m) @ mass_load=0.06)
0
0
-1.5109021594121775E-5
-1.511382251262653E-5
-5.832729831561801E-5
-5.8344504871155505E-5
-1.264703505362335E-4
-1.265048238048252E-4
-2.1638811022881436E-4
-2.1644233635284582E-4
-3.249677710920222E-4
-3.2504221616595373E-4
-4.491350118668796E-4
-4.4922846454074244E-4
-5.858545210803958E-4
-5.859644226391709E-4
-7.321299453172151E-4
-7.32252707161011E-4
-8.850033682505242E-4
-8.851346768678311E-4
-0.0010415544222904388
-0.0010416895319741589
-0.001198899141032501
-0.0011990331547404142
-0.0013541886747558106
-0.0013543168136407795
-0.001504608003458377
-0.0015047258656506837
-0.0016473747822039466
-0.0016474785913919978
-0.001779738437514353
-0.001779825281747391
-0.0018989796053838636
-0.001899047666349875
-0.002002409971257704
-0.002002458744119062
-0.002087372549580212
-0.0020874030533078957
-0.002151242429193829
-0.0021512574072310242
-0.0021914280090722152
-0.0021914321200826132
-0.0022053734809898092
-0.0022053734809898092
% Data (x (m) @ mass_load=0.2)
0
0
0.002141244011527632
0.002143268303500562
0.004279348467403456
0.004283185050587953
0.006412010573027381
0.006417446447850698
0.008537845899509998
0.008544669675257393
0.01065626697553892
0.01066426980528381
0.012767362893794189
0.012776338972092268
0.014871782145075797
0.014881528843039938
0.016970619564649705
0.016980937272431385
0.01906530767233504
0.01907599941445174
0.021157512206061314
0.02116838309160844
0.023249031269321024
0.023259887837261618
0.025341697234242365
0.02535234675316974
0.027437280377665622
0.02744753015871432
0.029537393194530928
0.029547049974689602
0.03164339443556989
0.031652263886449754
0.03375629213993443
0.03376417855470878
0.03587664525107811
0.03588335146071196
0.03800446379206307
0.03800979136157988
0.04013910802580088
0.04014285778186911
0.04227918754309954
0.04228116048463961
0.0444224611395745
0.0444224611395745
% Data (y (m) @ mass_load=0.2)
0
4.9999999999999996E-5
-4.40948315238683E-5
5.864180682897731E-6
-1.703946631826236E-4
-1.2054206770859786E-4
-3.6977502693072894E-4
-3.200713862651119E-4
-6.33147658368938E-4
-5.836154798592073E-4
-9.515135562902581E-4
-9.021581580033022E-4
-0.0013159934380639574
-0.0012668057297477873
-0.0017178410848922747
-0.0016688002598483544
-0.0021484426706402573
-0.0020995187954803113
-0.002599304968279989
-0.002550461470092173
-0.003062035155093539
-0.003013231215526753
-0.003528314826908915
-0.003479507700373309
-0.003989870779246911
-0.0039410180576630125
-0.004438445085739209
-0.00438950693462808
-0.004865766961612397
-0.004816708351497174
-0.005263528822757089
-0.0052143217759538125
-0.005623368851827767
-0.0055739947182731845
-0.0059368622965504745
-0.00588731406400154
-0.00619552368364651
-0.006145808317805599
-0.0063908221385506865
-0.006340962937433251
-0.006514212026481009
-0.006464250960477283
-0.006557183362954647
-0.006507183362954647
% Data (u (m) @ mass_load=0.2)
0
0
-1.6131313295105136E-6
4.1116064341974796E-7
-6.365818310829518E-6
-2.52923512633163E-6
-1.6560855544047086E-5
-1.112498072073004E-5
-3.358267191857156E-5
-2.675889617117733E-5
-5.801873874679342E-5
-5.001590900190226E-5
-8.977996334866552E-5
-8.080388505058799E-5
-1.2821785492420337E-4
-1.1847115696006234E-4
-1.7223757820743435E-4
-1.6191987042575573E-4
-2.2040661337924326E-4
-2.0971487126253974E-4
-2.710592225101131E-4
-2.6018833696298633E-4
-3.2239730210754843E-4
-3.11540734166955E-4
-3.725884800433454E-4
-3.6193896111597133E-4
-4.1986247947722725E-4
-4.096126984285303E-4
-4.626068054690701E-4
-4.529500253103958E-4
-4.994627072872474E-4
-4.905932564073831E-4
-5.294221457798501E-4
-5.215357310055049E-4
-5.519261774933101E-4
-5.452199678594601E-4
-5.669647793654902E-4
-5.616372098486823E-4
-5.751776884848286E-4
-5.714279324165986E-4
-5.779553140433135E-4
-5.75982372503241E-4
-5.775388604254977E-4
-5.775388604254977E-4
% Data (v (m) @ mass_load=0.2)
0
0
-4.40948315238683E-5
-4.4135819317102265E-5
-1.703946631826236E-4
-1.7054206770859785E-4
-3.6977502693072894E-4
-3.7007138626511194E-4
-6.33147658368938E-4
-6.336154798592073E-4
-9.515135562902581E-4
-9.521581580033022E-4
-0.0013159934380639574
-0.0013168057297477873
-0.0017178410848922747
-0.0017188002598483544
-0.0021484426706402573
-0.0021495187954803114
-0.002599304968279989
-0.002600461470092173
-0.003062035155093539
-0.003063231215526753
-0.003528314826908915
-0.003529507700373309
-0.003989870779246911
-0.003991018057663012
-0.004438445085739209
-0.00443950693462808
-0.004865766961612397
-0.004866708351497173
-0.005263528822757089
-0.005264321775953812
-0.005623368851827767
-0.005623994718273184
-0.0059368622965504745
-0.005937314064001539
-0.00619552368364651
-0.006195808317805598
-0.0063908221385506865
-0.006390962937433251
-0.006514212026481009
-0.006514250960477283
-0.006557183362954647
-0.006557183362954647
